.001 -67.62161515863616
.002 -79.84249991706588
.003 -78.18430267922939
.004 -73.79224229524694
.005 -71.309880025958
.006 -65.2757633237831
.007 -73.88945830208617
.008 -73.67413088648846
.009 -74.3513545692423
.010 -71.9439387868421
.011 -67.04978668466457
.012 -71.0058437952917
.013 -73.47802649077892
.014 -72.6139913972662
.015 -73.24794872802488
.016 -66.93187570470597
.017 -70.34738472749174
.018 -73.76702626573625
.019 -74.43858441715406
.020 -73.96746068203416
.021 -71.04429244462419
.022 -69.94059323086877
.023 -74.72875046279287
.024 -74.87572377139867
.025 -72.36366285166709
.026 -74.20698321651578
.027 -74.21718561099915
.028 -75.78029618687466
.029 -76.58347606355726
.030 -77.9230128728506
.031 -77.73557928102181
.032 -72.24009562020544
.033 -79.176284460027
.034 -81.1882191696287
.035 -81.76035516321
.036 -82.2830206520287
.037 -77.87696381710539
.038 -77.28566673115697
.039 -81.52033593469152
.040 -79.84681727090192
.041 -78.93142762276081
.042 -71.96855315085269
.043 -80.75477345250823
.044 -80.80487810958924
.045 -82.89132475959013
.046 -81.9144677346634
.047 -77.77132424298101
.048 -81.6523626954171
.049 -78.71822546722923
.050 -79.18951044952607
.051 -82.61447483350176
.052 -81.08137561434893
.053 -81.31986228275693
.054 -81.41313117288375
.055 -81.41732442513941
.056 -80.67839494236085
.057 -81.75279466432522
.058 -84.19689202710755
.059 -83.55628567424552
.060 -84.7778688753434
.061 -80.62672461989673
.062 -77.62779561496029
.063 -77.23747578869018
.064 -83.11981798677081
.065 -83.13817988053353
.066 -85.67619426845201
.067 -82.1629664100558
.068 -81.13520391685006
.069 -84.34699592274733
.070 -82.06527356755937
.071 -84.11608920699902
.072 -82.5677155520896
.073 -78.11305351995843
.074 -72.90114577241438
.075 -81.84156703224079
.076 -83.68229807645527
.077 -83.84072969942447
.078 -79.67912075208788
.079 -83.2076949543086
.080 -83.40145070720209
.081 -83.04415822270708
.082 -78.90531060284722
.083 -76.27126988533507
.084 -78.97012602521393
.085 -83.57778845255173
.086 -85.23307991556597
.087 -83.73707804393584
.088 -80.84298409169932
.089 -83.67031178200185
.090 -85.19632712690196
.091 -84.49163162950734
.092 -82.18773697933477
.093 -77.714762403106
.094 -80.35923333015654
.095 -82.16857723297706
.096 -85.06173654369894
.097 -83.43970540320457
.098 -80.81866755662244
.099 -81.66390282800636
.100 -86.11267236644444
.101 -85.74811424178543
.102 -83.81364661957302
.103 -82.89619360581746
.104 -82.5878304602347
.105 -85.06117043536108
.106 -87.05085250842073
.107 -86.09667506958021
.108 -82.33151883249575
.109 -83.45417291434943
.110 -82.17149635700387
.111 -80.33949746371087
.112 -84.89135593120338
.113 -82.67624545150883
.114 -85.27699764659691
.115 -85.43122978596043
.116 -86.7221146749876
.117 -84.35859533341409
.118 -84.92756729531496
.119 -82.59848731545043
.120 -84.65671221579619
.121 -85.2290175995274
.122 -82.96805099612172
.123 -79.18733909569913
.124 -76.80043566785784
.125 -81.43688158089871
.126 -84.42921136109055
.127 -84.72190458788069
.128 -87.0603900583142
.129 -84.46554815213983
.130 -89.34352531895838
.131 -87.61035576476213
.132 -90.03925091762498
.133 -88.30427026484463
.134 -85.18619348930845
.135 -88.93418612837229
.136 -88.18178020350128
.137 -86.99700901964817
.138 -86.8907444704286
.139 -82.45231361412753
.140 -85.23506493839034
.141 -87.68540731526315
.142 -87.38108385729653
.143 -88.20579058707975
.144 -84.74623476357971
.145 -85.55140116167438
.146 -84.30410907543437
.147 -81.01334658594537
.148 -82.4976089461565
.149 -84.77694160413229
.150 -85.77532932571826
.151 -89.76569296716859
.152 -88.60950636086238
.153 -88.48608281753854
.154 -85.67424998973244
.155 -83.72213253634698
.156 -85.76566658627536
.157 -87.06178710485909
.158 -87.32839613834244
.159 -86.27393174590117
.160 -84.11400826129456
.161 -86.25510292113175
.162 -85.9107291820921
.163 -84.69805592213953
.164 -80.42717899110752
.165 -78.04232916526433
.166 -80.22044469996604
.167 -83.14548792483657
.168 -86.3709652948782
.169 -86.38258351764735
.170 -80.30304563467362
.171 -81.3361693922853
.172 -80.75912674426073
.173 -84.93707167448103
.174 -85.38292215104508
.175 -81.45127205634977
.176 -86.77597749442602
.177 -86.1198018139993
.178 -85.49608167576206
.179 -85.41101038427341
.180 -80.92729617294697
.181 -83.57609557573969
.182 -86.1972547602778
.183 -84.27840664193508
.184 -81.08797504602438
.185 -77.11342935673984
.186 -79.33593843779367
.187 -86.99784660023467
.188 -86.24614689886495
.189 -85.72039041595036
.190 -80.49569185217942
.191 -83.76877127777547
.192 -85.34501237302432
.193 -84.92296462217085
.194 -85.54515864494526
.195 -82.02355739429011
.196 -80.63079903645
.197 -84.9201781069069
.198 -84.50189418165665
.199 -85.56793596396855
.200 -82.40955745410126
.201 -83.07377658563146
.202 -84.03943331488402
.203 -83.21066206079979
.204 -81.8617226832408
.205 -79.14222005173467
.206 -77.47320946420204
.207 -80.29612182174402
.208 -83.3520075956121
.209 -85.07150253274109
.210 -82.24610391552595
.211 -80.04892533025148
.212 -85.86817424721724
.213 -84.02382318178053
.214 -84.97425066320685
.215 -84.08260115123643
.216 -79.43430830872373
.217 -82.99400736111046
.218 -84.25090017830401
.219 -79.40634534083915
.220 -76.55120992673741
.221 -77.80489387376973
.222 -83.80036832214083
.223 -84.5159201016951
.224 -85.7132728144424
.225 -86.12964506061793
.226 -81.2354229259611
.227 -84.77596611143794
.228 -85.13593984626905
.229 -86.78411091808252
.230 -87.85646187417714
.231 -83.13107469375377
.232 -83.57935213975595
.233 -85.94475129429848
.234 -87.35040081580823
.235 -86.68938755125266
.236 -82.42182793591432
.237 -84.15734512603048
.238 -85.01461876627292
.239 -86.44343481603528
.240 -83.71657231496242
.241 -82.42274202907898
.242 -83.85513478746505
.243 -85.45405962427303
.244 -82.61121319819202
.245 -81.81331139484453
.246 -78.99842475382977
.247 -77.45916238443691
.248 -80.31989560292631
.249 -83.53609575514845
.250 -85.34250347514492
.251 -85.68928053996132
.252 -81.5182992810332
.253 -88.78379606921774
.254 -87.1272049420013
.255 -85.5174744041772
.256 -84.51001714503425
.257 -82.85005155827272
.258 -83.5740815918056
.259 -84.26139195220188
.260 -86.42926417364653
.261 -88.06120108132767
.262 -83.6049504345082
.263 -87.44020596639999
.264 -86.54430382241841
.265 -86.85044828711918
.266 -87.23896669301469
.267 -85.22390630132908
.268 -85.20526132065089
.269 -82.61446125764796
.270 -85.2075088089055
.271 -85.49535298809032
.272 -85.29817453721186
.273 -87.06081759446282
.274 -84.93411356741346
.275 -84.37791077305312
.276 -85.4599782310241
.277 -84.44924769416689
.278 -84.15023554902231
.279 -85.79171634610407
.280 -86.00204890366365
.281 -84.6959750330068
.282 -85.64649808252894
.283 -85.13013230581456
.284 -85.30507296617641
.285 -86.3227488095306
.286 -84.34925988031088
.287 -83.57713898158453
.288 -81.110959562065
.289 -84.08683446533568
.290 -85.9866649521151
.291 -87.30342143453804
.292 -84.99433243541357
.293 -83.70609511099495
.294 -83.13012500962736
.295 -84.91030698334797
.296 -85.98246705853617
.297 -86.7163341892877
.298 -84.22190057132825
.299 -85.5639426779785
.300 -87.9176313950754
.301 -87.91383266721463
.302 -86.36177318508905
.303 -85.13562201322502
.304 -87.37814569802032
.305 -87.7876783847446
.306 -86.92310109819601
.307 -86.60039324679268
.308 -83.12897170223404
.309 -84.18959629654496
.310 -86.81135652646275
.311 -87.3490409803703
.312 -87.02109896538441
.313 -87.46172702703569
.314 -87.27672991595064
.315 -87.94160385938959
.316 -88.48313631904303
.317 -86.53191470693996
.318 -85.91696341169545
.319 -84.5184397992649
.320 -87.60391798679272
.321 -87.14015022122595
.322 -87.20009502917237
.323 -83.61692816057656
.324 -84.32029812235261
.325 -85.164289726216
.326 -87.531045434466
.327 -85.82945223853129
.328 -81.3909981311464
.329 -78.43224291315192
.330 -81.35095751938202
.331 -80.52325379193454
.332 -82.7197670066395
.333 -86.23757358293675
.334 -83.13460484207228
.335 -83.47948556092956
.336 -84.23750238426636
.337 -85.11479621364089
.338 -86.1026620911188
.339 -84.86938829233429
.340 -85.83830816121045
.341 -85.52577688420094
.342 -83.52690062854987
.343 -85.17632126693984
.344 -86.56647838129702
.345 -88.89244042921909
.346 -88.47660994069064
.347 -86.10000929144401
.348 -85.6859554428993
.349 -84.1349412334453
.350 -83.40305109203476
.351 -87.52280906963128
.352 -85.87954220556928
.353 -83.82007467074463
.354 -82.86180939768579
.355 -83.76566116118269
.356 -86.04323672167394
.357 -87.22410272605185
.358 -86.52971951868054
.359 -86.16891006476845
.360 -89.1352394688946
.361 -86.0008331756879
.362 -84.88173377811074
.363 -85.67290310329504
.364 -87.83275098861874
.365 -86.47404397577559
.366 -83.0327988763532
.367 -84.2010757980349
.368 -84.91148651907979
.369 -82.68124116043448
.370 -79.18478949700923
.371 -83.09471275190708
.372 -83.99635677719908
.373 -86.37413033307921
.374 -85.96081171781391
.375 -85.68744215649254
.376 -86.6056854959948
.377 -86.52066107937014
.378 -87.18748575992291
.379 -89.74721238790154
.380 -85.83529410727536
.381 -88.48395775856167
.382 -88.78661663886903
.383 -89.88352995519308
.384 -85.41710144078428
.385 -86.91625781641574
.386 -87.57407564932626
.387 -88.78080350501529
.388 -88.0834341887938
.389 -90.5546222115945
.390 -85.85064573307076
.391 -85.82825861563543
.392 -87.8114964061223
.393 -87.95708608502619
.394 -87.59534105424292
.395 -89.16839420121894
.396 -87.74642037693152
.397 -87.60098619744066
.398 -88.11844588448292
.399 -87.40293039766686
.400 -87.36842541511224
.401 -87.26449955061653
.402 -89.134866452359
.403 -86.52420559346227
.404 -87.64064277009045
.405 -85.52851725607101
.406 -89.48749533323758
.407 -90.05478546307421
.408 -88.6047157101252
.409 -87.41578932814997
.410 -82.79802419130739
.411 -82.1797493737385
.412 -84.4364129411081
.413 -84.18269660033623
.414 -86.6117516934699
.415 -84.47072879489258
.416 -86.49996296741541
.417 -86.77426531921388
.418 -87.94086561410109
.419 -87.7380433374473
.420 -87.11017532570636
.421 -85.46667614022996
.422 -88.61577643036162
.423 -88.41784622761892
.424 -87.20094508111826
.425 -87.27012479996503
.426 -85.62126629118023
.427 -87.96471226831606
.428 -89.01621170342442
.429 -87.66432985784759
.430 -85.0051554789048
.431 -85.83716223634454
.432 -86.32896094509023
.433 -87.02014697887385
.434 -88.34217491182554
.435 -87.91260222713231
.436 -87.065236442902
.437 -85.87127532488995
.438 -86.01798302353656
.439 -83.70158966966495
.440 -83.9146623433584
.441 -86.46527830990512
.442 -86.92912699010012
.443 -88.01791389738271
.444 -88.17894503973562
.445 -89.31395054657123
.446 -86.2884586690966
.447 -90.49444907242707
.448 -88.27837884156813
.449 -87.78231032908452
.450 -88.08224252182355
.451 -87.39832214947917
.452 -83.63381285929952
.453 -83.88166763882626
.454 -87.476667294441
.455 -86.63307551307841
.456 -88.29943752992327
.457 -88.55976176426739
.458 -87.41676517905779
.459 -91.69567258283257
.460 -91.50374213665945
.461 -89.42423822850509
.462 -89.93285748781092
.463 -88.88268872522124
.464 -88.96706421549102
.465 -89.79072236019645
.466 -91.71893319179962
.467 -91.37302625091357
.468 -90.3129362983095
.469 -88.32636906206562
.470 -88.90109169825999
.471 -87.47476310787242
.472 -90.4574590234104
.473 -91.64785633621729
.474 -90.30604916054999
.475 -91.53204841660015
.476 -90.16787995588236
.477 -89.71745947642064
.478 -93.56465158024668
.479 -93.34462511429675
.480 -92.88289557259955
.481 -90.80182314938617
.482 -89.49086056562088
.483 -89.52919981882755
.484 -90.79078981744408
.485 -90.28462173754849
.486 -90.92709396269908
.487 -89.61441210836914
.488 -89.30221164627473
.489 -88.88157611340154
.490 -89.37128669587013
.491 -89.34841778427185
.492 -88.05126055756335
.493 -85.71659400291891
.494 -86.64617304972091
.495 -87.97777181182593
.496 -89.41366946602612
.497 -89.61536710373186
.498 -89.74123238831255
.499 -88.16979228216874
.500 -87.43404166554674
.501 -87.91664042593221
.502 -88.62741885703637
.503 -88.89507008685943
.504 -89.78731094432806
.505 -91.73389788080316
.506 -90.36322497016306
.507 -89.21222163492632
.508 -87.77990065662205
.509 -89.57874246644901
.510 -89.97937574319671
.511 -87.97609215187224
.512 -87.76970697298341
.513 -86.09534033596101
.514 -87.56579696038963
.515 -84.40219676891803
.516 -87.51602466160944
.517 -89.47305005362307
.518 -86.37911369287778
.519 -89.61350324964496
.520 -87.30913624671157
.521 -90.4437369276254
.522 -88.0461634234224
.523 -88.01537749184332
.524 -86.20494990007393
.525 -84.73031232001988
.526 -87.9631676451926
.527 -86.31087027578921
.528 -90.67460582800787
.529 -87.90463914368728
.530 -89.59069835389614
.531 -86.8637026809166
.532 -88.21818636472258
.533 -89.36470576884854
.534 -88.29882152154752
.535 -87.46251607804997
.536 -89.90730553051489
.537 -86.44455517558504
.538 -85.77459398333433
.539 -87.14589139473948
.540 -86.83211543655094
.541 -86.99983427489154
.542 -90.3214839762166
.543 -89.14188988651807
.544 -88.52387457256653
.545 -90.17414086562745
.546 -88.97441041630489
.547 -89.06049916415148
.548 -91.66540008211375
.549 -89.53506445773189
.550 -86.92346629457936
.551 -87.59980527238116
.552 -86.6941659234392
.553 -88.87808864513836
.554 -90.02481864954363
.555 -89.08172485660529
.556 -88.96906038791946
.557 -89.72883759239646
.558 -90.26951037156735
.559 -91.74226858958264
.560 -94.19744411724521
.561 -91.87835015826612
.562 -89.83517655276283
.563 -91.75509241358641
.564 -90.1428561877427
.565 -89.31602359671126
.566 -90.58654722978162
.567 -90.71828364286804
.568 -91.5385983906795
.569 -90.86758571356353
.570 -92.9190803195233
.571 -93.50290051084895
.572 -90.46866501931385
.573 -90.3610123454317
.574 -88.69741437488503
.575 -87.90975863304149
.576 -90.59241258421406
.577 -89.5026002897194
.578 -88.789645276823
.579 -87.18217529501656
.580 -86.50361871978579
.581 -89.8169638145599
.582 -90.77641116497726
.583 -94.63101973952672
.584 -90.47413921170751
.585 -90.33856319913401
.586 -88.42112613994426
.587 -87.80624686314889
.588 -89.97147500711716
.589 -89.9502866350827
.590 -92.11275849362153
.591 -93.75913917777609
.592 -94.57986121456517
.593 -90.71400607574255
.594 -87.7539571105873
.595 -90.68878376562317
.596 -91.26103726454944
.597 -91.40057694459762
.598 -92.0143195918663
.599 -89.54940111500613
.600 -92.33995372285823
.601 -92.65616972660989
.602 -92.8839509425984
.603 -93.23910298604949
.604 -94.78980585324466
.605 -93.80182870101906
.606 -94.27020174690607
.607 -91.518797353968
.608 -92.80688061363205
.609 -92.53836375400503
.610 -90.079051099705
.611 -92.13012322920255
.612 -91.00286735643179
.613 -88.8056723905215
.614 -89.81309422438453
.615 -88.93968273365766
.616 -87.38139654277418
.617 -90.71899251961456
.618 -88.14579526083372
.619 -89.87801724506647
.620 -91.73691076739368
.621 -92.20889769847109
.622 -93.222644350941
.623 -91.86185598705005
.624 -93.05984353114893
.625 -93.42455872484555
.626 -90.33181558509466
.627 -90.38767603138828
.628 -91.0258976201096
.629 -90.49814028023168
.630 -90.07790452514325
.631 -91.55840958103443
.632 -93.37843404588999
.633 -93.45562356760924
.634 -91.76507251008691
.635 -91.74593516193767
.636 -91.49262898066137
.637 -93.19411687910382
.638 -95.13263330825424
.639 -93.9932886977415
.640 -94.10666184891332
.641 -91.417766929807
.642 -92.45006310532756
.643 -92.00740577537621
.644 -90.94598572021786
.645 -94.2257338777583
.646 -93.56465007287342
.647 -91.18960073101697
.648 -93.05552322879498
.649 -93.9148528796745
.650 -91.612372168969
.651 -90.26973873019801
.652 -88.93253775256044
.653 -90.57267988651535
.654 -90.32235565659116
.655 -88.96219079804732
.656 -91.78266914210415
.657 -94.2624151749729
.658 -91.1669474792424
.659 -93.40419268926401
.660 -93.46574395573568
.661 -93.39250135133189
.662 -92.35401728054558
.663 -93.8673034575385
.664 -94.49481822468671
.665 -93.14969170275114
.666 -92.65164176107926
.667 -93.57098508457692
.668 -95.1566457220799
.669 -93.7572458078516
.670 -92.59353349823098
.671 -95.08324205236434
.672 -94.42438555380285
.673 -94.95574885841026
.674 -91.92663573851189
.675 -89.39826606038233
.676 -91.29508540477735
.677 -91.4973543161593
.678 -91.5558705129877
.679 -92.07435055593186
.680 -92.26655112560302
.681 -90.93128754323267
.682 -92.16491881215612
.683 -92.37129941013177
.684 -90.52599956800098
.685 -93.4898846428513
.686 -93.77061232187046
.687 -93.06111885092808
.688 -92.58854556031694
.689 -91.46994018912052
.690 -90.07673290732254
.691 -93.11095675347696
.692 -92.97485840628624
.693 -93.7485997530126
.694 -89.96745065517517
.695 -89.98998762890083
.696 -92.72601368605164
.697 -92.70144264771369
.698 -92.41689102353439
.699 -92.34623470028244
.700 -92.4591490188512
.701 -93.29049774389591
.702 -89.06057620039816
.703 -89.8887094402618
.704 -91.0154076427497
.705 -93.16122951218203
.706 -90.05389389445115
.707 -89.25835888290939
.708 -92.51295294035248
.709 -92.34443962910436
.710 -93.57683920472174
.711 -91.4517937752537
.712 -92.30790026659302
.713 -92.67984859168388
.714 -92.98433007386677
.715 -93.32125358729634
.716 -92.47309518113346
.717 -92.72891560273679
.718 -92.23596424627978
.719 -93.1203127661825
.720 -91.91642833617834
.721 -90.56416817409429
.722 -91.91683925869795
.723 -92.50359210552976
.724 -93.8631573726637
.725 -95.11237528076431
.726 -94.0066900732471
.727 -94.40579464280707
.728 -94.02556653662613
.729 -95.14256607864404
.730 -94.99460242115899
.731 -94.40405865137264
.732 -92.91302980102867
.733 -93.63226450060635
.734 -91.65910181071071
.735 -92.33584487688883
.736 -91.61412738154243
.737 -92.03444301783951
.738 -91.42142400335044
.739 -88.86515178037074
.740 -88.90525891130179
.741 -89.10676759642185
.742 -89.84866381684722
.743 -90.7138213737733
.744 -91.66468625657834
.745 -90.86364384702854
.746 -90.54575244935938
.747 -93.08743488995204
.748 -93.64908951452848
.749 -94.51567798158547
.750 -94.56066365327281
.751 -94.59100838797698
.752 -94.84390261762988
.753 -93.32071579568817
.754 -91.9124174905526
.755 -94.99569055264365
.756 -94.58887636726193
.757 -92.78249035121364
.758 -93.62325415602464
.759 -94.97780230172262
.760 -96.04299049983953
.761 -95.78088848380247
.762 -92.26696014864683
.763 -93.26115123951385
.764 -93.08058791037517
.765 -92.39820958398846
.766 -93.44163129071262
.767 -94.10462736646525
.768 -94.19003141340151
.769 -94.61157063990933
.770 -92.91079626868549
.771 -92.6185304105696
.772 -94.55703682803579
.773 -92.1850240609268
.774 -90.19542565559661
.775 -92.10804833156085
.776 -92.98036209418702
.777 -92.43143894018682
.778 -92.70304759974812
.779 -93.90607034631581
.780 -93.6353674375464
.781 -95.05257332310623
.782 -95.22817392007039
.783 -96.77010864047993
.784 -93.41966732527517
.785 -93.24211361550624
.786 -93.49190005176752
.787 -93.90361290559919
.788 -94.25211306607034
.789 -94.32486320991717
.790 -94.61012544086525
.791 -90.65731669513902
.792 -91.89833442211244
.793 -91.74869168424213
.794 -92.18582751852475
.795 -93.15664611102375
.796 -91.8642940005374
.797 -92.22405602106258
.798 -93.87681446600357
.799 -94.36823385923064
.800 -92.61688540744338
.801 -92.33853119415441
.802 -91.7179278916336
.803 -91.79801755466536
.804 -95.29940826952723
.805 -95.38345223171545
.806 -95.90416724877865
.807 -96.12034731872524
.808 -94.25529519636983
.809 -94.8433261911657
.810 -93.84023249851163
.811 -92.52984554656564
.812 -93.72167867156766
.813 -93.14379670279584
.814 -92.00627611314727
.815 -94.72326539357921
.816 -96.7194307697552
.817 -95.61550105720315
.818 -94.64048233879214
.819 -92.12462045700264
.820 -91.96784768199143
.821 -93.50782576743993
.822 -92.16280028458175
.823 -93.51592537860236
.824 -92.71462365807625
.825 -93.50429022928083
.826 -95.57211695271799
.827 -93.14999241084948
.828 -91.52385989655411
.829 -94.65761168884539
.830 -94.6750093919448
.831 -95.10517861106676
.832 -93.24854502223737
.833 -93.14800763288278
.834 -93.36126170305528
.835 -95.16778146513423
.836 -93.39394050531484
.837 -92.43530658439798
.838 -92.13417078246437
.839 -94.15018070685534
.840 -92.4484604776213
.841 -92.75494520487415
.842 -93.17155665426853
.843 -93.46070404967656
.844 -93.11081041519282
.845 -93.94310342353847
.846 -95.15570991412633
.847 -95.07001214867685
.848 -92.94717682391571
.849 -94.34871034769925
.850 -94.73724015517801
.851 -93.19299944519877
.852 -92.19564110473951
.853 -93.08882837168754
.854 -94.93471156812717
.855 -94.64057909191501
.856 -93.5874087291481
.857 -94.87944461550231
.858 -94.61453685386974
.859 -92.2601658106632
.860 -93.60195308808554
.861 -94.02766061243769
.862 -94.30589712328747
.863 -95.22748759583042
.864 -96.378659049801
.865 -95.03996199869958
.866 -93.71571813080764
.867 -94.27941602291659
.868 -93.46316832046264
.869 -93.48773762123118
.870 -96.639936587374
.871 -96.17338277003824
.872 -95.25812627060075
.873 -93.92544145855153
.874 -95.2778703089823
.875 -93.22264164242952
.876 -93.29316874954473
.877 -94.8914730658844
.878 -94.53122115613922
.879 -93.22221479738118
.880 -94.71526987430519
.881 -97.29674603102956
.882 -96.05597000527216
.883 -95.55492558520758
.884 -95.34657171633326
.885 -97.16305196063185
.886 -95.60901414284234
.887 -98.58419946662487
.888 -97.3685952675709
.889 -98.21990093947494
.890 -96.099302634683
.891 -94.40703165295368
.892 -95.60230102623599
.893 -93.27639082555149
.894 -97.11786084409079
.895 -96.69117810930562
.896 -97.21877461155722
.897 -94.04989379026097
.898 -95.15727369793682
.899 -96.37207429292653
.900 -95.18765452515545
.901 -93.93814364333033
.902 -95.14511010063721
.903 -94.9095622766722
.904 -95.76095630835613
.905 -94.64020653790679
.906 -95.16293441348286
.907 -96.44612098621899
.908 -96.8710400340121
.909 -94.74667575389991
.910 -92.24575798466152
.911 -91.44433446299693
.912 -92.30239929890209
.913 -94.26935698984626
.914 -94.13484206474455
.915 -93.52762299624983
.916 -94.83190254204305
.917 -93.49209222275569
.918 -93.55053236098445
.919 -92.87186731500907
.920 -92.54664000517226
.921 -95.88626422984709
.922 -92.76202121493208
.923 -93.82157850075407
.924 -95.05586575804472
.925 -95.21453453015495
.926 -94.04485095499584
.927 -94.07333357001434
.928 -94.89644254226603
.929 -94.29313649093352
.930 -95.55901777599671
.931 -93.63321967612025
.932 -93.09489054094651
.933 -93.42106205465673
.934 -93.95976113623686
.935 -94.41280970640346
.936 -90.41521245164353
.937 -91.31127479091157
.938 -91.35657000046857
.939 -92.15749975478064
.940 -93.85540652921837
.941 -95.56489139663448
.942 -96.99020331353215
.943 -97.50833210225187
.944 -98.9768768997865
.945 -96.80635968535327
.946 -95.95559529105876
.947 -96.51967622563245
.948 -96.91660469086536
.949 -98.21618669205715
.950 -96.32805280222878
.951 -97.39162381493146
.952 -97.0129390701935
.953 -95.37624515742412
.954 -96.61726308869214
.955 -94.303220998234
.956 -95.72943902752233
.957 -96.51232747034095
.958 -96.05243108560461
.959 -98.20989173640237
.960 -98.43434915824405
.961 -97.18344270659168
.962 -94.88518281720852
.963 -96.37651859273925
.964 -96.20152593006149
.965 -96.6810086888328
.966 -95.75996497441844
.967 -96.00875271808329
.968 -96.68523139463315
.969 -96.35460197899764
.970 -95.5879409968176
.971 -95.45825497320331
.972 -94.95500483178188
.973 -99.44761706301448
.974 -97.35722762273504
.975 -97.133977307942
.976 -95.17394048453504
.977 -96.54540735277037
.978 -95.85100279603472
.979 -95.27499599406008
.980 -95.23053035504132
.981 -94.56069725801042
.982 -95.84519560125227
.983 -94.57462264910244
.984 -95.88076215380438
.985 -96.28760932304144
.986 -96.71104669408686
.987 -96.52103204765783
.988 -98.75353804965226
.989 -98.41429413036697
.990 -96.3167525125802
.991 -96.21718378718933
.992 -97.32510759859974
.993 -95.51295507419884
.994 -95.15528166578665
.995 -98.26654006620855
.996 -98.01954578794192
.997 -96.48104311641465
.998 -95.28102802476256
.999 -95.54382052230154
1.000 -94.76949781489911
1.001 -96.16233263850431
1.002 -93.07017911437963
1.003 -94.8824420477815
1.004 -95.33344924835205
1.005 -95.01009007866182
1.006 -96.64023369629427
1.007 -98.22783600461561
1.008 -96.91110911210899
1.009 -98.6180771918049
1.010 -97.35148300151765
1.011 -96.87132618378303
1.012 -97.17120457487248
1.013 -98.69131321585779
1.014 -100.5037722719364
1.015 -101.35137524433976
1.016 -97.09154033395512
1.017 -96.91764915584343
1.018 -98.21513495971914
1.019 -97.44575284655286
1.020 -97.61797141808339
1.021 -95.26130714399835
1.022 -95.38074148421968
1.023 -97.5985958875543
1.024 -95.5041959742617
1.025 -95.93761399982795
1.026 -97.14869836487775
1.027 -95.71115378964573
1.028 -96.76640982520034
1.029 -98.32397307036784
1.030 -97.58767591474543
1.031 -95.50745388050524
1.032 -94.64145524478683
1.033 -96.31517876159525
1.034 -98.46424244075784
1.035 -97.97052540676306
1.036 -97.09351211890213
1.037 -96.35858096915673
1.038 -97.85365689959605
1.039 -96.54837130522996
1.040 -96.78838165782662
1.041 -96.25705534415567
1.042 -98.09626540687906
1.043 -96.35433067126588
1.044 -94.85657954517154
1.045 -95.24853181765022
1.046 -95.34547012217361
1.047 -94.49776361178189
1.048 -93.9249273550702
1.049 -92.63970017688987
1.050 -93.15104222873823
1.051 -95.32544918075641
1.052 -96.35422025006459
1.053 -96.55059274927656
1.054 -97.18383017231793
1.055 -95.52489472592922
1.056 -97.06984453653197
1.057 -97.51027011295913
1.058 -96.94348136646487
1.059 -96.46727131337504
1.060 -98.15150344656541
1.061 -100.31305698829205
1.062 -98.62234574907473
1.063 -97.69596005097212
1.064 -98.43876012061799
1.065 -97.36520521503984
1.066 -98.33679150723542
1.067 -98.5566407234732
1.068 -97.44485498376632
1.069 -96.61098402885779
1.070 -99.23778543200248
1.071 -97.93662823774436
1.072 -96.30260348796853
1.073 -94.55627099135735
1.074 -97.114228536331
1.075 -97.00133610374913
1.076 -96.22122809371788
1.077 -95.61742383444036
1.078 -95.95903801277417
1.079 -97.6343197847388
1.080 -97.15525294732758
1.081 -97.93257840783724
1.082 -96.52687329481202
1.083 -93.35493134206413
1.084 -95.23170629028672
1.085 -98.10259966343486
1.086 -95.02852788832273
1.087 -97.62718354078598
1.088 -95.16838669147668
1.089 -96.09511991502603
1.090 -95.91275923151045
1.091 -95.09890823518731
1.092 -94.39341458246811
1.093 -96.08235144005593
1.094 -98.6759642973938
1.095 -96.39009668647228
1.096 -94.91412339366144
1.097 -97.54533543007066
1.098 -97.52634820208331
1.099 -96.26551070444607
1.100 -96.97034391187023
1.101 -97.73346825339175
1.102 -97.24347201132905
1.103 -99.03642107909505
1.104 -95.71226660597021
1.105 -96.52440040467069
1.106 -95.91646118865582
1.107 -98.42981508827948
1.108 -96.80696430759248
1.109 -98.09545103929082
1.110 -95.74497336747301
1.111 -96.83623427356645
1.112 -95.87126471607523
1.113 -96.52331760460625
1.114 -97.4953193842153
1.115 -96.40931004567686
1.116 -97.88172694323295
1.117 -97.65372775429802
1.118 -99.54798846761905
1.119 -101.25395817470093
1.120 -102.13043012616764
1.121 -101.61924897759205
1.122 -98.85657638866675
1.123 -99.41906032748903
1.124 -98.73371097751928
1.125 -100.35156174075294
1.126 -98.13157242615084
1.127 -100.03444558388065
1.128 -101.38177221535149
1.129 -98.94033280655994
1.130 -97.50046049144271
1.131 -100.44378546382254
1.132 -98.04358532013015
1.133 -98.3592399911557
1.134 -97.77694541122092
1.135 -95.45170197300178
1.136 -97.49642239843027
1.137 -99.98113477177151
1.138 -100.25552686563431
1.139 -100.15994232852366
1.140 -97.49288796953167
1.141 -99.70074399827361
1.142 -101.0043361419785
1.143 -99.40926509827906
1.144 -102.50390389369336
1.145 -101.04311649750446
1.146 -99.14254389594782
1.147 -99.24772450931472
1.148 -97.5735116549991
1.149 -97.96367252339975
1.150 -97.96734264687095
1.151 -98.27226775303618
1.152 -97.2232417590348
1.153 -98.71141866759933
1.154 -99.11975274726676
1.155 -99.18347363146869
1.156 -98.97548256537517
1.157 -97.94056860416318
1.158 -98.60439592607297
1.159 -100.39250050318942
1.160 -97.70421224248489
1.161 -95.20195594173646
1.162 -99.02655199066751
1.163 -99.1593444165333
1.164 -99.74441211410864
1.165 -99.11945315420367
1.166 -99.56408843439567
1.167 -98.11458210580822
1.168 -101.16058095447134
1.169 -99.86746813087146
1.170 -99.84651909097565
1.171 -98.30120859479159
1.172 -98.37470175302974
1.173 -97.00850347537828
1.174 -99.35523835443537
1.175 -99.40658876409904
1.176 -99.02374777714208
1.177 -100.99387135513697
1.178 -100.74182289465075
1.179 -101.43681757916227
1.180 -101.39262485984406
1.181 -102.68819908722152
1.182 -99.33566739149126
1.183 -97.55557853997226
1.184 -100.07978436116852
1.185 -100.58840165043405
1.186 -100.07248186280617
1.187 -98.38887845788639
1.188 -98.4673123986011
1.189 -98.33224088330486
1.190 -100.07101373293746
1.191 -99.81429287530494
1.192 -99.59717253162343
1.193 -99.34474493002547
1.194 -99.24113137829004
1.195 -99.71799425113194
1.196 -98.47505903754998
1.197 -100.26493271916027
1.198 -99.4517473878567
1.199 -100.99629248984319
1.200 -98.54202686542521
1.201 -99.85693230134609
1.202 -100.39517927320694
1.203 -100.63011221841045
1.204 -101.65167709177022
1.205 -100.30439418892277
1.206 -100.07033070572643
1.207 -100.70265477593841
1.208 -99.14194544519077
1.209 -99.40831342910492
1.210 -98.5986901851074
1.211 -99.8543530451935
1.212 -98.35499891086262
1.213 -100.55337524811763
1.214 -106.44819776102182
1.215 -101.72698543197218
1.216 -101.78470744202492
1.217 -103.05465228320394
1.218 -101.70356559728941
1.219 -101.25955756509653
1.220 -102.29166782882561
1.221 -99.75002505324952
1.222 -102.63067869070376
1.223 -102.6138483409546
1.224 -103.01692700089639
1.225 -103.31609855109932
1.226 -103.930424863105
1.227 -103.66384858116874
1.228 -102.83450316926937
1.229 -100.19248069339145
1.230 -100.20026759680798
1.231 -100.98902073205464
1.232 -99.65810683577408
1.233 -101.2907903467852
1.234 -102.15908379228031
1.235 -100.63817879182514
1.236 -101.84323756003144
1.237 -103.69378587448902
1.238 -102.63682613933383
1.239 -102.74643009503015
1.240 -101.69291070251072
1.241 -101.33351727432421
1.242 -102.11804662213191
1.243 -101.13213278142007
1.244 -101.21721955576204
1.245 -99.65697746719535
1.246 -100.2636489621092
1.247 -100.39771597303292
1.248 -100.57017226415037
1.249 -100.34900253219391
1.250 -100.64179675977694
1.251 -101.42983844996506
1.252 -99.41985738319491
1.253 -100.72209975646675
1.254 -99.9219595621911
1.255 -100.793281579373
1.256 -99.88932265222121
1.257 -100.65802408344095
1.258 -98.18239200053723
1.259 -99.60837159892021
1.260 -102.06276925725626
1.261 -99.99196065544419
1.262 -101.45468571612865
1.263 -101.69692036171078
1.264 -100.30165921228803
1.265 -99.95826033169956
1.266 -98.19482816324995
1.267 -97.87919759651083
1.268 -99.16699130615369
1.269 -98.83915671117433
1.270 -98.47973616012159
1.271 -98.44853956285937
1.272 -98.62409591927829
1.273 -94.98024763286647
1.274 -97.61118716879919
1.275 -98.30895258442675
1.276 -99.87860846267807
1.277 -101.27430120094489
1.278 -100.40389302171205
1.279 -100.35595989393858
1.280 -100.62328475820472
1.281 -99.41415112259459
1.282 -100.20420315546455
1.283 -98.88157429047044
1.284 -99.42402309920837
1.285 -100.6804203608083
1.286 -101.84564423008054
1.287 -102.37914302885986
1.288 -101.33918510284992
1.289 -102.70131560101008
1.290 -101.41636494754408
1.291 -102.60202403593617
1.292 -101.8482402102826
1.293 -102.32199790137327
1.294 -100.72084720235705
1.295 -101.02922567645427
1.296 -101.94975126994191
1.297 -102.7212397167044
1.298 -100.83022931649973
1.299 -104.58321185470739
1.300 -101.94759327978603
1.301 -102.94907161756097
1.302 -102.00588297732862
1.303 -101.70354879290869
1.304 -102.24806779159924
1.305 -101.60148192765436
1.306 -103.12506729998555
1.307 -102.19835398718571
1.308 -100.37343239749462
1.309 -100.20110009693177
1.310 -101.81610494843753
1.311 -102.19901968091166
1.312 -101.95286781416837
1.313 -100.31871251119382
1.314 -102.73525353391773
1.315 -102.7418877440688
1.316 -101.0878625416127
1.317 -100.82643096714871
1.318 -99.9310501554057
1.319 -102.00927845650946
1.320 -104.50993532048844
1.321 -102.03082821240258
1.322 -100.79679092375838
1.323 -102.58911882090489
1.324 -101.7175505012656
1.325 -101.68753564111923
1.326 -102.48813085849075
1.327 -101.77018324163632
1.328 -102.21052950696323
1.329 -100.28766885163733
1.330 -99.88222429860689
1.331 -96.98613456415853
1.332 -97.04806528003263
1.333 -97.52382583194597
1.334 -99.02997179427854
1.335 -96.65690980777993
1.336 -98.82934285786955
1.337 -99.82836356562139
1.338 -101.91991690895921
1.339 -100.10852744830864
1.340 -101.17968949919245
1.341 -102.01738225429139
1.342 -100.36306102880454
1.343 -99.86632144520561
1.344 -103.19751910233433
1.345 -103.35486343101562
1.346 -102.87905216024798
1.347 -104.24045170617075
1.348 -102.0725018405221
1.349 -102.17548729003236
1.350 -101.88948724976869
1.351 -101.36509136287609
1.352 -102.86803494820488
1.353 -102.6215374322201
1.354 -101.21074454679645
1.355 -99.695487543291
1.356 -101.60521133007265
1.357 -101.56710548598505
1.358 -99.62891534849408
1.359 -100.95551201694289
1.360 -101.01163711475917
1.361 -102.71622859628799
1.362 -101.34724399215322
1.363 -101.03685719310678
1.364 -100.47695974294825
1.365 -101.3291405927545
1.366 -100.16377740766072
1.367 -102.32026882358339
1.368 -100.23974235531787
1.369 -99.96994203878863
1.370 -100.3705917551111
1.371 -100.29330336223107
1.372 -101.01134050446167
1.373 -102.56576256213323
1.374 -100.94469167482777
1.375 -103.71870990021111
1.376 -104.03304196513643
1.377 -100.29951045342023
1.378 -101.50724745622881
1.379 -103.22633725344701
1.380 -100.05892261761878
1.381 -99.07530765031922
1.382 -97.8068685068777
1.383 -97.48936070377171
1.384 -94.99630712750464
1.385 -98.10648602810343
1.386 -103.27741824420688
1.387 -101.58237693861116
1.388 -101.37240760804194
1.389 -102.2407291062678
1.390 -102.80197310933117
1.391 -102.3633030020052
1.392 -103.05464273764623
1.393 -101.96690229006202
1.394 -104.22081720341856
1.395 -103.423863198096
1.396 -102.99093124719305
1.397 -102.48913492368125
1.398 -102.0503415107816
1.399 -103.05162246352987
1.400 -103.92519636418099
1.401 -101.7635342787994
1.402 -101.83356297554288
1.403 -103.13245836404761
1.404 -103.28840577192625
1.405 -101.2971700262836
1.406 -103.37454885117673
1.407 -102.34245949075365
1.408 -102.69611178013493
1.409 -100.090871285757
1.410 -104.86986984722759
1.411 -100.3736781572953
1.412 -103.10203730413136
1.413 -102.65268417011401
1.414 -102.35185016445824
1.415 -100.91789991333093
1.416 -100.73364825433949
1.417 -101.92217893785279
1.418 -99.47415740019188
1.419 -101.62748344209366
1.420 -103.21905638958208
1.421 -101.61488869137753
1.422 -101.66750202080078
1.423 -103.19172726572504
1.424 -101.05696633830905
1.425 -102.06449081979441
1.426 -102.18702219847118
1.427 -102.8825132436999
1.428 -101.36137550521528
1.429 -101.34648529265345
1.430 -103.29074351029587
1.431 -100.32577993608228
1.432 -102.61908060707121
1.433 -101.2210417545194
1.434 -103.39388797813716
1.435 -101.97602316701266
1.436 -101.6716144390248
1.437 -102.5613467971949
1.438 -101.8167265333637
1.439 -102.36049313150602
1.440 -101.55105815969507
1.441 -101.64057860708225
1.442 -101.29835875156094
1.443 -100.62893181997198
1.444 -101.89839515583984
1.445 -102.84005562698937
1.446 -103.17061450669273
1.447 -101.4823373101129
1.448 -102.74012262042487
1.449 -101.14362459560839
1.450 -102.62683392863937
1.451 -102.69607961691736
1.452 -102.91779220789678
1.453 -102.08992383953488
1.454 -101.92875385776505
1.455 -104.44544252156976
1.456 -102.99341343417923
1.457 -102.60315322408347
1.458 -103.4207287164669
1.459 -105.16078479204623
1.460 -105.25823768556018
1.461 -102.99851156953709
1.462 -101.34267178319178
1.463 -104.02017789662858
1.464 -103.47669235451161
1.465 -102.37959440857693
1.466 -103.4395575590489
1.467 -103.55349067576252
1.468 -102.60971136765157
1.469 -103.86805287595485
1.470 -102.67801576219668
1.471 -102.10026979354163
1.472 -102.08255537853245
1.473 -102.48262394016812
1.474 -104.16800264185188
1.475 -103.31432619559904
1.476 -101.84172897262376
1.477 -104.30302747270245
1.478 -103.52587982561833
1.479 -102.8265769666491
1.480 -103.95411074289656
1.481 -104.7895356548894
1.482 -105.49232345014154
1.483 -103.52304162819071
1.484 -103.66007824926312
1.485 -102.64967058534853
1.486 -101.90110788804927
1.487 -103.35175326698727
1.488 -102.16994454535694
1.489 -102.96437004588283
1.490 -104.37633346290436
1.491 -102.52980572070776
1.492 -101.84012149960817
1.493 -102.20810188348754
1.494 -101.3494964540311
1.495 -100.27363405266769
1.496 -102.8921254102942
1.497 -102.54625367754184
1.498 -104.7554181540526
1.499 -105.48811220646391
1.500 -105.72182547837215
1.501 -107.3093850423444
1.502 -105.88640023151697
1.503 -105.22780066426903
1.504 -105.92922882597493
1.505 -105.92431948045719
1.506 -105.95950435526488
1.507 -105.45897306382811
1.508 -105.32779140042499
1.509 -105.59423566690415
1.510 -104.69203095974842
1.511 -105.32187777137243
1.512 -104.63383005936798
1.513 -105.45482989792771
1.514 -104.8690839921181
1.515 -105.79888797910586
1.516 -105.65406624424722
1.517 -106.56429633793753
1.518 -106.34734032739973
1.519 -107.58675565812646
1.520 -106.18112207950223
1.521 -106.63848335031754
1.522 -106.6646723189052
1.523 -107.28547362269329
1.524 -104.88432466599447
1.525 -106.41563031734204
1.526 -106.48176691969705
1.527 -106.09821045054368
1.528 -105.50428068569505
1.529 -106.24353344340517
1.530 -106.92896963139226
1.531 -105.09951787902324
1.532 -105.31395614406793
1.533 -106.16100671801799
1.534 -104.79832849249512
1.535 -104.69499134212393
1.536 -105.20195599815071
1.537 -105.25794109306138
1.538 -104.13002091505167
1.539 -104.07358079496245
1.540 -105.3030235861811
1.541 -104.13612475103753
1.542 -104.27176801885196
1.543 -104.84105779613095
1.544 -107.03353879303688
1.545 -106.13944155891531
1.546 -106.41440922060194
1.547 -105.48761362031766
1.548 -105.49182212078162
1.549 -106.15016987753724
1.550 -107.03664231484917
1.551 -105.24913675053732
1.552 -105.83571118725602
1.553 -105.70840718914967
1.554 -106.04039187483201
1.555 -106.7722974321517
1.556 -107.09807287849041
1.557 -107.01790482835236
1.558 -107.13742663278059
1.559 -106.82156156348968
1.560 -108.20107885664717
1.561 -107.79045662445245
1.562 -108.1788217742657
1.563 -107.5556300713163
1.564 -107.70926127925975
1.565 -105.74268411368949
1.566 -106.91557871433601
1.567 -107.53294169299883
1.568 -106.84305977721348
1.569 -105.02313884688849
1.570 -105.44651197477583
1.571 -106.09633404839161
1.572 -107.11174620651244
1.573 -106.84472749613866
1.574 -107.55733048088861
1.575 -106.64022883552312
1.576 -107.43483444183707
1.577 -106.82910059668008
1.578 -106.14755809317512
1.579 -107.34571812282728
1.580 -106.30112777794051
1.581 -107.38028537339702
1.582 -107.86056620421095
1.583 -106.73630434959705
1.584 -106.00952950784432
1.585 -107.47081786264569
1.586 -108.70168599625596
1.587 -105.61520068196918
1.588 -107.04939649088652
1.589 -107.45035875296156
1.590 -106.30696732829007
1.591 -107.63730031638296
1.592 -106.4228763989682
1.593 -106.91814236992666
1.594 -108.82130687081754
1.595 -105.9579263428718
1.596 -106.78916216515111
1.597 -106.73371339328
1.598 -106.8774055927116
1.599 -106.3454210242045
1.600 -107.59848803817812
1.601 -106.50069447402106
1.602 -106.70066917251648
1.603 -107.40979893178776
1.604 -106.84433491098056
1.605 -106.80997365946654
1.606 -106.83754171702779
1.607 -107.7061413311212
1.608 -106.98374539378594
1.609 -106.7102320551004
1.610 -107.46254547095555
1.611 -107.65876686973931
1.612 -107.22750148574481
1.613 -106.34337599911588
1.614 -106.54640130894825
1.615 -106.80225823297232
1.616 -107.3498513796569
1.617 -107.86293922649722
1.618 -107.0311012726332
1.619 -107.03688598872428
1.620 -107.90293284860489
1.621 -107.95590808834571
1.622 -106.66942069095455
1.623 -107.24231123335817
1.624 -107.15331812960699
1.625 -106.32340425986314
1.626 -106.56434203555159
1.627 -107.73716265026184
1.628 -106.370075968643
1.629 -106.69407301166214
1.630 -107.16674682449529
1.631 -106.45038114938187
1.632 -106.74294545612771
1.633 -107.37433554453389
1.634 -106.76178333222909
1.635 -107.36669111909411
1.636 -106.41670028814097
1.637 -107.53721124091422
1.638 -106.97910169897332
1.639 -107.68688007837538
1.640 -106.93060499374194
1.641 -105.53631046964465
1.642 -107.75131302300005
1.643 -106.3343587204842
1.644 -106.35231472796603
1.645 -107.74427726901811
1.646 -106.69013173433777
1.647 -106.43339139919338
1.648 -107.8171380201036
1.649 -107.62058509552045
1.650 -106.53873938640757
1.651 -107.03290964356586
1.652 -108.04331136536102
1.653 -107.90200409476576
1.654 -107.67620175082249
1.655 -107.44097139851522
1.656 -107.912895294289
1.657 -108.00532978554709
1.658 -106.54262815999469
1.659 -106.17531352986056
1.660 -107.3772135879535
1.661 -106.53513094021024
1.662 -107.00777131850772
1.663 -106.26732691824316
1.664 -107.55983252724144
1.665 -107.05441233627451
1.666 -106.95939295541372
1.667 -107.78329489521195
1.668 -108.25937924810793
1.669 -107.93752864099369
1.670 -107.13848159344671
1.671 -106.84245395824344
1.672 -106.8748487160209
1.673 -107.64675627329976
1.674 -107.57815627897786
1.675 -107.49146156280602
1.676 -107.5451908198745
1.677 -107.58729255357531
1.678 -107.13731726569394
1.679 -106.9386416369161
1.680 -106.81550220088114
1.681 -107.03377531594755
1.682 -106.75632126235575
1.683 -106.78123926486835
1.684 -106.736549336079
1.685 -107.11920877479439
1.686 -107.48038952699292
1.687 -107.98936356327893
1.688 -106.99206727474295
1.689 -107.40455902557734
1.690 -108.82763332285548
1.691 -106.67863590599939
1.692 -108.4202939585808
1.693 -108.08839166026112
1.694 -106.70205309772244
1.695 -107.30514538044328
1.696 -107.62293745805555
1.697 -107.84908401142131
1.698 -107.77611793044214
1.699 -107.07662075890366
1.700 -107.75952783025954
1.701 -107.26205001619545
1.702 -107.07720517477829
1.703 -106.45024399795751
1.704 -107.52087321384643
1.705 -107.45696979019527
1.706 -106.80083431712809
1.707 -107.63501235154057
1.708 -108.63238528874946
1.709 -107.33242030965458
1.710 -106.83901358991503
1.711 -108.06333267327726
1.712 -106.48977424712388
1.713 -106.32304907065634
1.714 -106.07945056324044
1.715 -106.53970681530548
1.716 -105.13044066581877
1.717 -105.39278971659826
1.718 -105.76832882952478
1.719 -105.4086669981659
1.720 -106.71667557903737
1.721 -107.20773080697002
1.722 -107.47999269672248
1.723 -107.09016883844531
1.724 -106.32375376050715
1.725 -107.24650424899946
1.726 -107.31445568774136
1.727 -107.04303007881899
1.728 -106.23082088074231
1.729 -106.75777135646936
1.730 -107.912396296147
1.731 -107.33081798051869
1.732 -106.98868819071872
1.733 -107.23688552030467
1.734 -107.42286548447011
1.735 -107.21147702748263
1.736 -107.05692393706045
1.737 -108.12850835133074
1.738 -107.41465934556435
1.739 -107.97792431444223
1.740 -108.2680400830207
1.741 -107.21801534490535
1.742 -106.48206267756969
1.743 -107.26694384209615
1.744 -107.38550367857704
1.745 -107.51144398626299
1.746 -107.95122498900506
1.747 -107.56839770222007
1.748 -107.47270977144595
1.749 -106.36478597511584
1.750 -107.63713451353578
1.751 -107.03683210623885
1.752 -106.21633924588475
1.753 -106.90555107489918
1.754 -107.11546346491798
1.755 -106.49405343005081
1.756 -106.71193251984394
1.757 -107.09365503431324
1.758 -106.46885474441157
1.759 -107.20127419843945
1.760 -107.24507150992287
1.761 -106.25339127255843
1.762 -105.58521110524411
1.763 -106.40395239645537
1.764 -106.69202994418895
1.765 -107.50494317035506
1.766 -108.62547486725322
1.767 -106.17363149136663
1.768 -106.57824714138158
1.769 -107.2066425704929
1.770 -106.66688677215731
1.771 -106.75590222381283
1.772 -107.74656872054616
1.773 -106.98519888159248
1.774 -106.92145590854003
1.775 -108.13676658824544
1.776 -107.34876815134838
1.777 -107.43911248816366
1.778 -107.38348845225839
1.779 -107.98787638092553
1.780 -108.50608234965713
1.781 -107.48098610059559
1.782 -106.26193593348648
1.783 -106.89351789610201
1.784 -106.75204149935485
1.785 -106.79753981718228
1.786 -107.16333081854214
1.787 -107.67127945731076
1.788 -108.3007333220837
1.789 -106.95599388807527
1.790 -106.78293249398946
1.791 -107.38641624735025
1.792 -107.44715405853394
1.793 -109.23118598571173
1.794 -108.23619368357747
1.795 -109.03071798270526
1.796 -107.9053541154689
1.797 -108.64737915242853
1.798 -107.85719594599503
1.799 -108.79423191796556
1.800 -109.412756874183
1.801 -108.53125686760951
1.802 -109.1542045796003
1.803 -109.87176384061748
1.804 -108.46411096332571
1.805 -108.89030278013435
1.806 -108.83212766136779
1.807 -109.7886501425842
1.808 -108.58736220000037
1.809 -109.07421555163397
1.810 -110.61411369693448
1.811 -109.04479163976826
1.812 -108.76367958114362
1.813 -110.32552716459149
1.814 -109.51523267166867
1.815 -110.57617266026418
1.816 -109.71856441720853
1.817 -110.8590053179894
1.818 -110.04101686271754
1.819 -109.27437881209033
1.820 -110.27296413523784
1.821 -109.15497236876804
1.822 -108.89398598304675
1.823 -109.21588888323588
1.824 -109.87760439785959
1.825 -110.224352384754
1.826 -109.39129208993674
1.827 -108.62997873535713
1.828 -109.53037024300534
1.829 -109.1988224941117
1.830 -110.09832684195965
1.831 -108.90063310044034
1.832 -109.51503326146576
1.833 -110.22146391621139
1.834 -109.2406508020388
1.835 -109.06693630329245
1.836 -109.8777804638656
1.837 -109.15906839260103
1.838 -108.83809806504253
1.839 -110.15153152374666
1.840 -110.48670512894557
1.841 -109.81905149280406
1.842 -109.07783647518603
1.843 -109.05941221826697
1.844 -108.92658888484037
1.845 -109.38479658617264
1.846 -109.09261965462356
1.847 -109.08824879055663
1.848 -109.57098211558674
1.849 -109.40534702781385
1.850 -109.48700426924941
1.851 -110.27312310126014
1.852 -109.43858838960472
1.853 -109.06212168173049
1.854 -108.75223034410553
1.855 -109.60277744124748
1.856 -109.55012615824911
1.857 -109.64504686061514
1.858 -110.27659464035195
1.859 -110.18902935620255
1.860 -108.71171847457057
1.861 -108.8223433412951
1.862 -110.21792955250434
1.863 -110.07198919918376
1.864 -109.5639565635505
1.865 -109.12619876839528
1.866 -108.65805961510796
1.867 -109.48193010404319
1.868 -110.08077811906419
1.869 -109.08388345027358
1.870 -109.18646140154455
1.871 -109.39942505456148
1.872 -108.8270829237521
1.873 -109.61954697625379
1.874 -109.58804723832623
1.875 -109.18437629988551
1.876 -109.8912603209307
1.877 -109.50633644104666
1.878 -109.46568313259533
1.879 -110.38172428986772
1.880 -110.07559949859188
1.881 -110.25619265029665
1.882 -108.97775268162017
1.883 -110.47776357500132
1.884 -110.05111164674176
1.885 -109.25936127698256
1.886 -110.82791224374508
1.887 -109.19017669636075
1.888 -109.80154668013712
1.889 -109.11745652687165
1.890 -109.8075381525834
1.891 -110.38154536540668
1.892 -109.34536173108003
1.893 -109.94010978535415
1.894 -108.85225724354916
1.895 -109.26373350370852
1.896 -109.4507003881945
1.897 -109.29576690609787
1.898 -110.06902487225256
1.899 -110.4208700214526
1.900 -109.64343602425151
1.901 -109.49188540093228
1.902 -109.51687962707854
1.903 -109.45212445651784
1.904 -108.92333910521027
1.905 -108.97677597238223
1.906 -110.18714452119369
1.907 -109.27907610321343
1.908 -109.38593231868464
1.909 -109.62829940651116
1.910 -108.99173077265172
1.911 -110.4597570890671
1.912 -109.345342512547
1.913 -109.1247313657669
1.914 -109.02482376728061
1.915 -109.89036572408399
1.916 -109.38184350376605
1.917 -110.17718051167888
1.918 -109.09087236524792
1.919 -109.54565188075266
1.920 -109.18879981879668
1.921 -109.22540470719291
1.922 -110.17125895738337
1.923 -110.80342278969447
1.924 -110.28770653674957
1.925 -109.29387142253869
1.926 -109.78814334853102
1.927 -109.53932955920634
1.928 -110.08314115340411
1.929 -109.37128656451807
1.930 -109.2548150342813
1.931 -109.98176033498409
1.932 -110.72793418945038
1.933 -109.57488649216562
1.934 -110.17574544291722
1.935 -110.08680889680964
1.936 -108.86422359186686
1.937 -109.92849662873529
1.938 -110.16577647468597
1.939 -109.98432073765004
1.940 -111.28796186846247
1.941 -110.52442683088269
1.942 -110.32849404480653
1.943 -110.19082354676274
1.944 -109.12720310497605
1.945 -108.39108688392936
1.946 -110.62777418621008
1.947 -108.98218993959331
1.948 -109.9217410695239
1.949 -109.90361583190214
1.950 -110.61405375479524
1.951 -109.1611840002691
1.952 -109.93508441876254
1.953 -109.53876184108336
1.954 -110.14448668953138
1.955 -109.86016775469382
1.956 -110.48157365778619
1.957 -110.19892511509238
1.958 -108.69266921039568
1.959 -109.57927453384637
1.960 -110.98983461780784
1.961 -109.39501762106349
1.962 -109.5062131401455
1.963 -108.45457939761542
1.964 -108.78223760336105
1.965 -109.79130701196642
1.966 -109.38769114748287
1.967 -109.2965114720625
1.968 -110.96339199773098
1.969 -109.12421360620579
1.970 -110.15999543384655
1.971 -109.55022982433628
1.972 -109.6321729177575
1.973 -109.2443167032047
1.974 -108.60670477451433
1.975 -109.676365261163
1.976 -109.80807006216499
1.977 -109.1414256149385
1.978 -108.9919218476106
1.979 -109.1091513182798
1.980 -110.14066730830828
1.981 -109.56333669722348
1.982 -109.8052094643857
1.983 -109.2207247994919
1.984 -109.90731994198262
1.985 -109.15954245740689
1.986 -109.66280092941648
1.987 -109.33836728551852
1.988 -108.90897255851766
1.989 -110.21719088970053
1.990 -109.85984863040058
1.991 -109.29398228081114
1.992 -109.81880491196456
1.993 -110.93183214999388
1.994 -109.40177770803973
1.995 -108.3856845539513
1.996 -110.07761600584568
1.997 -109.78092388053349
1.998 -110.41348807390519
1.999 -109.91197052290772
2.000 -109.77799334856977
2.001 -110.26559964015512
2.002 -109.33164848545152
2.003 -110.39308562646869
2.004 -110.19852294149094
2.005 -109.07971366825879
2.006 -110.01328481207709
2.007 -110.49679217245888
2.008 -110.43782529391876
2.009 -110.0755270727646
2.010 -109.94678968241979
2.011 -109.11555781275423
2.012 -110.9224626320192
2.013 -109.31747375641311
2.014 -109.34029335662103
2.015 -109.91351790342058
2.016 -109.35144034906831
2.017 -109.07687021639357
2.018 -109.6578449248628
2.019 -109.73302029660132
2.020 -108.87239343691128
2.021 -109.03737024593087
2.022 -110.22162435156423
2.023 -109.0062151872154
2.024 -109.78575659305181
2.025 -110.82180986294502
2.026 -109.65845073676583
2.027 -109.22798268819396
2.028 -109.22704414299695
2.029 -109.98789947174157
2.030 -109.33466987324549
2.031 -109.9250719224977
2.032 -110.3784178698585
2.033 -109.86973783452842
2.034 -110.0009856133801
2.035 -109.83097872407099
2.036 -110.28892075621704
2.037 -109.84698908902094
2.038 -109.90771919769294
2.039 -109.70606711876863
2.040 -109.5437044514414
2.041 -109.42510922694312
2.042 -110.16293316895484
2.043 -109.9959157309961
2.044 -109.57910934108735
2.045 -108.33339884805052
2.046 -109.13214982460033
2.047 -110.276781443981
2.048 -109.20422978124206
