.001 -50.700010552694955
.002 -48.350776306818176
.003 -44.58341957821211
.004 -38.77078660587731
.005 -31.92294273946926
.006 -31.499814802679246
.007 -38.477702516764296
.008 -39.8687861679117
.009 -39.79309510717252
.010 -32.23436452064211
.011 -39.4246392222393
.012 -41.82358613094366
.013 -40.79108223490118
.014 -39.28307210482881
.015 -35.41628392094648
.016 -40.751241961515355
.017 -43.4277897578672
.018 -43.34895727979529
.019 -35.019369245625555
.020 -39.97128225613434
.021 -41.11789141348169
.022 -44.8571078617844
.023 -46.05262910301968
.024 -41.42266630791764
.025 -46.13825422090486
.026 -46.658205586629926
.027 -46.549543990629914
.028 -42.606972969887096
.029 -43.07959871858403
.030 -46.83689354179618
.031 -45.347480719855085
.032 -44.03597098965154
.033 -44.2489208601998
.034 -45.37160751113878
.035 -46.08754869619197
.036 -44.872977079108395
.037 -38.39668282589441
.038 -40.9036114807696
.039 -44.08461840784194
.040 -46.366553524169994
.041 -46.47944352317716
.042 -38.9473665404422
.043 -48.92762550032401
.044 -52.0340136407778
.045 -52.22284032661751
.046 -49.752411247366695
.047 -43.483000179961664
.048 -50.96872640560744
.049 -50.64932062557702
.050 -47.3768388713745
.051 -50.283991661394296
.052 -54.29054217077621
.053 -53.05348203519658
.054 -52.84827393175332
.055 -47.10786331290518
.056 -42.14635971934415
.057 -51.25450152957536
.058 -53.81135534304309
.059 -56.34971167602391
.060 -53.69070374676892
.061 -50.9988584199592
.062 -46.745306555559544
.063 -48.52534227520077
.064 -54.06889186448799
.065 -54.652006860868376
.066 -56.65628680278692
.067 -58.166492991777766
.068 -56.314434329594015
.069 -52.53790040121968
.070 -50.12045173266978
.071 -55.625852847640544
.072 -54.73897662533787
.073 -51.8043324957674
.074 -46.225788847758785
.075 -51.057175444263514
.076 -55.08740447673724
.077 -55.37790159301727
.078 -54.346357588330854
.079 -54.5488000316576
.080 -53.932377124194865
.081 -53.25491417358931
.082 -46.94274298613084
.083 -40.597807521805535
.084 -49.437996505325515
.085 -53.527142400719754
.086 -56.03543222090034
.087 -55.75098151714328
.088 -55.84211307106795
.089 -58.44625857458575
.090 -58.758889321600186
.091 -56.886803707371925
.092 -49.25041150074089
.093 -50.09643480521925
.094 -54.48149289577214
.095 -55.89165026813115
.096 -57.374023467736784
.097 -51.914191642816284
.098 -49.3029980665077
.099 -51.16166875203645
.100 -55.22218186806537
.101 -55.706549271129994
.102 -57.86164226630211
.103 -53.253259204273
.104 -52.619960793521706
.105 -58.28820686172425
.106 -56.04093409658154
.107 -59.16158812042461
.108 -54.104166553814316
.109 -53.93151836512924
.110 -45.73978146018759
.111 -46.1318665718324
.112 -52.465494547716496
.113 -56.15560631786436
.114 -56.72712131946429
.115 -53.07999119698246
.116 -51.39756045310974
.117 -57.08214631633162
.118 -57.70199487519031
.119 -54.51636445083027
.120 -54.33888318420769
.121 -56.89453135649335
.122 -54.49750682476048
.123 -46.05426075829875
.124 -41.629507996783765
.125 -48.30455351650185
.126 -54.92125231449713
.127 -56.40413653520154
.128 -56.978855273851885
.129 -55.909920747985595
.130 -59.82190283989013
.131 -61.55652492047035
.132 -62.172161756052546
.133 -57.41350271637567
.134 -62.961321164608655
.135 -63.65652118789521
.136 -63.337900542477115
.137 -60.26518201195424
.138 -55.34020049648712
.139 -55.32158573823869
.140 -60.7081823814547
.141 -61.12291183528121
.142 -57.58776098610944
.143 -59.43904768894462
.144 -58.9680801392767
.145 -54.304534097844616
.146 -55.88361376338356
.147 -50.79885751361729
.148 -54.180967086567655
.149 -59.11884893289846
.150 -61.40710400127403
.151 -60.959844161683534
.152 -60.91565426430077
.153 -60.37291755909785
.154 -57.86878694353017
.155 -58.75015754603366
.156 -58.53667700983786
.157 -60.86835619540853
.158 -61.44555911028819
.159 -59.625011906089526
.160 -55.893429237728135
.161 -55.152654110400476
.162 -55.85279388875854
.163 -57.32313841860048
.164 -55.42608059998854
.165 -46.56286513606439
.166 -48.166991429404085
.167 -57.21204446777496
.168 -58.724078500943975
.169 -57.101754558881666
.170 -55.30118391747527
.171 -57.3177290069748
.172 -57.47048686731178
.173 -56.24244478435781
.174 -52.91987809545053
.175 -56.57013176152542
.176 -59.299161972160356
.177 -61.153355572819954
.178 -57.23506724182819
.179 -56.252650919338855
.180 -55.41257995902768
.181 -55.38900780660528
.182 -55.98412827771884
.183 -46.948612887485865
.184 -49.66638195827159
.185 -47.9290897000458
.186 -50.59559155180363
.187 -54.59632118819415
.188 -52.102061740202345
.189 -58.681278753364786
.190 -57.83076068377186
.191 -56.247301001678444
.192 -53.602575031014375
.193 -55.728719731514055
.194 -58.81508575471315
.195 -52.86822481238659
.196 -50.32570378416005
.197 -53.33550573724836
.198 -57.99444751204257
.199 -56.45688105055822
.200 -57.08932276570422
.201 -53.1131049882991
.202 -55.15612814764953
.203 -54.417137920694714
.204 -54.98746214093787
.205 -47.31487893684447
.206 -46.55909777941058
.207 -51.90493326963139
.208 -52.16907096445648
.209 -51.614768534053255
.210 -53.570842010062655
.211 -54.36893549218308
.212 -55.790458593556764
.213 -56.814734815550445
.214 -56.12023785690382
.215 -51.345187207462004
.216 -54.069028905560565
.217 -55.17684618674595
.218 -54.44979033692533
.219 -49.23304316140738
.220 -45.69377931885552
.221 -50.52214308900341
.222 -53.63250024845395
.223 -55.52840236981615
.224 -53.787516712217105
.225 -55.14962197565668
.226 -56.799539922332514
.227 -57.542398751700965
.228 -58.33463351150169
.229 -55.20521392492879
.230 -51.924908869804995
.231 -57.090563574295125
.232 -58.27831699549709
.233 -58.61051970849987
.234 -56.03207337908636
.235 -60.89634972794194
.236 -57.266368697060564
.237 -56.35178738117627
.238 -52.48427466163094
.239 -54.49926904711134
.240 -56.550868183665514
.241 -56.60719752636485
.242 -54.242292622018695
.243 -53.31846157893209
.244 -53.475575186266774
.245 -53.602957229032725
.246 -45.58748270535308
.247 -46.33913072824073
.248 -52.504649030684
.249 -55.93220403091234
.250 -56.12641516873864
.251 -54.59074221845996
.252 -51.05439344156617
.253 -53.84179880901364
.254 -52.79463947124899
.255 -53.936380897997346
.256 -50.31051306845309
.257 -53.095433458406134
.258 -55.377727240419105
.259 -57.11032658199412
.260 -58.55698710489541
.261 -57.72063416574677
.262 -56.91123610578419
.263 -59.43183359143685
.264 -59.39587363261809
.265 -57.09126890172989
.266 -57.7403447203776
.267 -58.41470608637102
.268 -58.384429382615444
.269 -56.76367049498396
.270 -55.52187812595302
.271 -57.56811814746244
.272 -58.9849306890742
.273 -59.16455076357904
.274 -54.74724070464882
.275 -56.2754163063246
.276 -58.08437428122204
.277 -58.02338608977364
.278 -55.60885172178203
.279 -59.12671164067757
.280 -61.90944680661921
.281 -61.723002436424906
.282 -59.703070565115844
.283 -57.767704439280394
.284 -58.33147568261633
.285 -56.54872751908698
.286 -53.97947353667411
.287 -46.72277907028311
.288 -42.01105528894897
.289 -49.09019503456201
.290 -52.82964676506956
.291 -53.92336596727802
.292 -52.10754633472321
.293 -49.64659972555898
.294 -51.8446735079909
.295 -55.21096303363028
.296 -54.350234408830005
.297 -57.39396069217313
.298 -57.38599304371219
.299 -60.383112516660496
.300 -60.866969893640544
.301 -60.110754565668465
.302 -57.91795621928761
.303 -60.774257060969575
.304 -61.018022528463874
.305 -62.24469597565934
.306 -60.388979311843784
.307 -59.75026225947905
.308 -55.75130770270891
.309 -57.35735432167811
.310 -57.158807361437496
.311 -58.78099068481089
.312 -60.77242544263851
.313 -60.138675235834796
.314 -59.74341037710099
.315 -58.63567553605752
.316 -58.2283352311812
.317 -56.7223583980889
.318 -59.546607522966276
.319 -58.706825155678615
.320 -58.1689035505313
.321 -57.75648410141595
.322 -58.18589364323817
.323 -56.74773348519557
.324 -57.71124259239496
.325 -57.77069644337902
.326 -58.52781849921187
.327 -56.30232355953355
.328 -48.262327030756076
.329 -46.41097953756752
.330 -49.068568837008016
.331 -52.225114366422154
.332 -56.065294426652905
.333 -54.5605330135542
.334 -57.741310178718294
.335 -57.71684335405371
.336 -59.95536051474878
.337 -57.78880183951112
.338 -56.3125588222747
.339 -57.87799820194148
.340 -59.26451772605927
.341 -57.329101343718584
.342 -51.74127523462813
.343 -55.71837369822008
.344 -58.93844193944659
.345 -59.5703532205437
.346 -60.123896656814324
.347 -60.70141559343747
.348 -58.93943076869961
.349 -60.47316824372646
.350 -60.001907474033416
.351 -61.11035244053188
.352 -58.82742431982113
.353 -60.778397317839605
.354 -61.692675959897834
.355 -59.28886867536776
.356 -59.83928394896761
.357 -58.66212655762171
.358 -61.02649580749112
.359 -60.93539698356771
.360 -62.49834733394315
.361 -61.1191214817077
.362 -60.02560852687722
.363 -60.38061272225172
.364 -59.15256029150282
.365 -54.33505040509596
.366 -53.91497445776383
.367 -56.60985237241449
.368 -54.92791565071508
.369 -49.89771975988862
.370 -47.74306383460273
.371 -50.22139886511469
.372 -55.24086932038641
.373 -57.66352446502792
.374 -59.7722651544456
.375 -58.970602885175616
.376 -60.5197394608999
.377 -59.982907771549
.378 -60.56592866790205
.379 -60.415980776877134
.380 -62.05486065002549
.381 -62.91266354216666
.382 -63.28176224469501
.383 -58.88509016058247
.384 -55.774677619780206
.385 -59.38174941332099
.386 -60.347132447174744
.387 -59.60026996571431
.388 -57.07380126986871
.389 -52.613095802858645
.390 -54.02212135552962
.391 -55.81563982569732
.392 -56.88163902027162
.393 -59.307511305635934
.394 -61.66365358059064
.395 -61.95959631251353
.396 -62.5883501640173
.397 -60.41734572310047
.398 -60.31781967982546
.399 -61.410037961073726
.400 -61.22542318209884
.401 -59.599646354125845
.402 -58.169905276614465
.403 -58.93606325976533
.404 -61.34436955706224
.405 -62.52751292929108
.406 -64.31240047646072
.407 -60.16069083805617
.408 -63.97160023210755
.409 -61.67018026439891
.410 -58.47974762310225
.411 -55.664697995156764
.412 -57.2850619102527
.413 -57.237106476119955
.414 -59.399679392601655
.415 -60.21871174629508
.416 -59.99999749941443
.417 -61.788994488216595
.418 -64.19377663772106
.419 -62.53239957815634
.420 -59.63960556347913
.421 -61.61352885449493
.422 -62.7230671778388
.423 -64.13468524551179
.424 -61.395266920599965
.425 -63.833770485232
.426 -62.36096306428213
.427 -61.257769566862294
.428 -62.375544932023296
.429 -60.080693665844535
.430 -58.76416327433723
.431 -59.11294063705509
.432 -61.67404731699591
.433 -61.390702847928544
.434 -60.870441442656336
.435 -63.041480789374646
.436 -58.142941334529844
.437 -54.02054609829343
.438 -56.17492283601676
.439 -53.178998199753586
.440 -55.37218896634459
.441 -60.75283436452315
.442 -63.46279932833848
.443 -62.34964794989183
.444 -63.60976119277165
.445 -65.62728572928368
.446 -65.02328088415146
.447 -64.10073961472689
.448 -62.55555951297962
.449 -66.00358118264305
.450 -63.04357015068755
.451 -59.911541655034036
.452 -53.36685899958344
.453 -57.76234249430981
.454 -61.423741791336255
.455 -61.4428023878374
.456 -61.8721057290975
.457 -61.70704879177399
.458 -63.7761835748568
.459 -63.40057860765352
.460 -64.27926049454423
.461 -56.93683568647815
.462 -60.59704504160585
.463 -61.98447040039934
.464 -63.740593979822165
.465 -62.202017178909976
.466 -63.65069622337589
.467 -65.88131872352345
.468 -66.7254661710428
.469 -67.41184216236528
.470 -66.10344177569151
.471 -66.29060875678603
.472 -69.84228374415459
.473 -66.65475639863725
.474 -63.89928452647382
.475 -63.49948817304952
.476 -63.235504147889564
.477 -65.44579730097696
.478 -66.33114130429121
.479 -68.68119709279382
.480 -65.39202662072829
.481 -66.38999975030924
.482 -67.75395799118242
.483 -65.22883023467396
.484 -63.642327719635155
.485 -65.42184455200815
.486 -61.58120686014938
.487 -61.988593258577644
.488 -63.07235806556824
.489 -62.50128084901936
.490 -63.68280460958712
.491 -61.2363093829624
.492 -59.276964437409056
.493 -58.276267989793546
.494 -59.580472632905995
.495 -61.55125816421237
.496 -62.45175832820425
.497 -62.806322611552055
.498 -63.84363236706766
.499 -66.46532898054868
.500 -66.21223749023179
.501 -65.28549859281841
.502 -63.87189527444885
.503 -63.87564741629292
.504 -66.31706443533352
.505 -65.68441732106803
.506 -63.39597843389925
.507 -63.02934822340954
.508 -65.07068042143189
.509 -66.92810634744869
.510 -64.10574856872185
.511 -62.329684291519705
.512 -57.80005560256429
.513 -61.470232301761854
.514 -64.4095489785785
.515 -64.48723314878815
.516 -64.38238357525736
.517 -66.37400257086705
.518 -65.52597821785669
.519 -67.25128021144602
.520 -63.884624375693136
.521 -62.05825385716678
.522 -63.398784445192476
.523 -64.90435708645086
.524 -64.79409936560657
.525 -63.93812751479564
.526 -64.43838969262694
.527 -63.76463406720959
.528 -66.51243552169487
.529 -64.21760465629266
.530 -65.16645575097587
.531 -63.64080295849674
.532 -65.79241548128833
.533 -63.68232619477998
.534 -62.19360241262459
.535 -61.46517375687783
.536 -63.61866347678719
.537 -58.84912887077436
.538 -57.745605791509035
.539 -59.92758026281737
.540 -64.09482115053525
.541 -62.890386396582706
.542 -65.11849936365263
.543 -66.96431886849417
.544 -65.68667227113173
.545 -66.64146761269367
.546 -66.02781638401036
.547 -63.57607656995806
.548 -61.81902897117766
.549 -63.046153679210725
.550 -64.92339887699171
.551 -64.28403294007154
.552 -63.00826195510816
.553 -65.57972056523838
.554 -66.06926238430249
.555 -63.675905564081724
.556 -63.16808038670333
.557 -64.54262858817576
.558 -66.69095218590368
.559 -66.51555085079394
.560 -64.84435464727606
.561 -65.40392580645083
.562 -63.21002493093072
.563 -62.14510453381228
.564 -59.55263769160859
.565 -64.96687827736864
.566 -64.59478942822544
.567 -64.33300207772942
.568 -66.99491370331779
.569 -67.577381998456
.570 -68.02495734242159
.571 -66.20570669428193
.572 -66.55516059672433
.573 -65.9533844328189
.574 -63.17045036524988
.575 -63.63081022385574
.576 -63.43606677600587
.577 -64.91522540234091
.578 -69.72388389794904
.579 -66.00877912268189
.580 -64.88458708628798
.581 -65.96154071828748
.582 -66.19395919735497
.583 -67.75700214615199
.584 -67.55474375348257
.585 -66.27980856276749
.586 -66.17810435879848
.587 -65.42045258535366
.588 -65.06407100548694
.589 -66.92881151579947
.590 -61.910344944828445
.591 -62.94400091062829
.592 -66.88732296478423
.593 -68.21842128583465
.594 -66.77147520953716
.595 -69.30819678530271
.596 -67.91944597063701
.597 -68.3410882200893
.598 -65.26433200947511
.599 -68.6784778732936
.600 -66.83974917778878
.601 -68.7703841015049
.602 -67.5204912251363
.603 -65.62706775678501
.604 -68.47199043607051
.605 -68.05759174256862
.606 -67.3474437179777
.607 -66.16862634731537
.608 -66.73053479133081
.609 -68.07848817408335
.610 -67.75825388757211
.611 -68.80859897031634
.612 -66.6566479784286
.613 -67.65068063883909
.614 -67.5615035659815
.615 -66.7115070567005
.616 -65.3037461274398
.617 -65.96180156712643
.618 -66.3317568750306
.619 -66.89123293580371
.620 -68.89531968130892
.621 -67.47640210613018
.622 -69.15815739105774
.623 -70.76754995950496
.624 -68.89764116984496
.625 -66.32959666965144
.626 -68.54835887835006
.627 -67.65917201657005
.628 -68.58687048116177
.629 -68.0628519219834
.630 -70.0757002190356
.631 -69.1594368005543
.632 -67.31669507732768
.633 -67.74855479365257
.634 -67.55183370568943
.635 -69.26531384366857
.636 -71.15574112558335
.637 -70.18663069412736
.638 -69.98862616043198
.639 -71.0478869165923
.640 -72.27073313019531
.641 -72.28184583268461
.642 -74.24790549842795
.643 -71.61124719848469
.644 -70.41055111651262
.645 -68.60320802505531
.646 -65.6489773659104
.647 -66.50677448568635
.648 -67.70357324386971
.649 -71.17360248849782
.650 -69.99727599411472
.651 -69.23280469389216
.652 -71.30020593066105
.653 -71.27564856900933
.654 -69.71485719370388
.655 -69.26692108435724
.656 -70.10208288079559
.657 -67.65096098791365
.658 -69.70144344613273
.659 -68.9869754427558
.660 -68.11125487672707
.661 -70.40312388957456
.662 -71.89167628865465
.663 -69.54848748382315
.664 -69.47855789305103
.665 -70.20394351704122
.666 -70.50570966170535
.667 -70.09477394340757
.668 -70.43220418175106
.669 -70.79813457596154
.670 -70.09824150061831
.671 -69.13023876804684
.672 -70.56933222511121
.673 -70.7157251316011
.674 -69.3446188258895
.675 -70.00599159192247
.676 -70.46567607494559
.677 -70.81220302011975
.678 -70.64859712568146
.679 -71.19592433212989
.680 -73.29613577568789
.681 -72.54474053819689
.682 -69.69592838313018
.683 -69.97675574657964
.684 -70.88368314727039
.685 -71.93972062257556
.686 -71.15441487303792
.687 -70.51127394879445
.688 -71.73135379147139
.689 -71.03989167137726
.690 -68.75863870973797
.691 -71.51447460464114
.692 -72.4914245920858
.693 -69.99405354555836
.694 -68.79226049744413
.695 -70.46319738778696
.696 -69.97375071111718
.697 -69.81627702722217
.698 -70.15853281951016
.699 -69.60973648272964
.700 -70.9712673564722
.701 -70.08708672915536
.702 -64.30458547826771
.703 -64.62172661453194
.704 -71.24272133515326
.705 -71.20136671277469
.706 -69.59458393585264
.707 -69.38872008013762
.708 -70.09585454915795
.709 -69.45220641440757
.710 -70.1909380296254
.711 -67.13949389766705
.712 -70.02668764542605
.713 -69.6561513792325
.714 -70.82647031946503
.715 -71.07170154631847
.716 -72.20881569832741
.717 -70.77770346842905
.718 -69.91150627796546
.719 -72.57511419787787
.720 -71.28248059026564
.721 -72.77147091396425
.722 -72.51844908389207
.723 -71.4589863561866
.724 -69.52778897248486
.725 -71.3670965465738
.726 -71.69385631297513
.727 -73.68649950025612
.728 -72.79902526246262
.729 -70.39162634820083
.730 -71.6491801663587
.731 -68.85303511620683
.732 -66.82200138251685
.733 -69.48827959526132
.734 -72.13289127958775
.735 -74.12588288294452
.736 -72.62488681676432
.737 -71.58725564135409
.738 -70.1012440684942
.739 -70.7400256618229
.740 -69.48808211700118
.741 -72.27642729306422
.742 -69.98000917126141
.743 -72.84256761259664
.744 -73.24748778755578
.745 -74.26358370676951
.746 -73.74926905114484
.747 -72.97123480418811
.748 -72.22907783120115
.749 -74.37372242296904
.750 -71.01622517814764
.751 -72.4196368548833
.752 -72.8036603664883
.753 -73.93239146624379
.754 -76.78470111090316
.755 -72.37053625658312
.756 -74.39900850416554
.757 -73.60236795103609
.758 -73.52647592498931
.759 -75.1745516232609
.760 -71.32345201506782
.761 -68.11315177295087
.762 -70.4544620238744
.763 -73.02554982488347
.764 -71.43429954340587
.765 -70.86456313318496
.766 -69.81457051827466
.767 -72.37475990057764
.768 -71.07505900575558
.769 -73.65450544634032
.770 -73.04008293535959
.771 -73.43738301653262
.772 -73.95836921470676
.773 -73.68469695136825
.774 -73.16767189558392
.775 -73.62036678067945
.776 -74.00346365762849
.777 -73.30153586019827
.778 -70.10605090987598
.779 -71.53911307407868
.780 -69.95767625141075
.781 -71.548770412645
.782 -72.94296074528785
.783 -73.48191651358178
.784 -71.95095707619487
.785 -71.11841150387806
.786 -74.35419812341125
.787 -73.20282447953059
.788 -72.68521193832335
.789 -74.20287724267554
.790 -70.71753095115966
.791 -69.51916526839695
.792 -72.52064486879951
.793 -72.38611364568976
.794 -75.60216899467814
.795 -73.74156925783137
.796 -73.94289808215599
.797 -73.73492823558053
.798 -74.7657988312423
.799 -73.05480741138317
.800 -73.70900544438217
.801 -73.34922857611946
.802 -73.01363508302951
.803 -74.52426054668557
.804 -72.80630910043888
.805 -74.09508841004424
.806 -75.23968175564313
.807 -75.20454599814477
.808 -73.62064603211411
.809 -75.4998185547533
.810 -74.83347123893188
.811 -74.18558982856622
.812 -76.02722881696786
.813 -75.75847757598487
.814 -75.4220319198556
.815 -76.75963909387298
.816 -74.96637587886353
.817 -76.23186303973466
.818 -74.84613937894558
.819 -76.04179649058237
.820 -74.1170579764217
.821 -71.74298935939457
.822 -68.14632790431271
.823 -70.49702596892494
.824 -74.20857880956716
.825 -73.57214437480555
.826 -74.03898651055442
.827 -74.21226402387948
.828 -71.98747366033379
.829 -72.31683528449648
.830 -70.89184454031897
.831 -72.95531867236977
.832 -73.38216004771255
.833 -73.15721346053245
.834 -76.86251643445901
.835 -75.3230398903536
.836 -73.26739376439932
.837 -73.24034008690651
.838 -73.77247168216074
.839 -75.65563049712645
.840 -72.47801504799328
.841 -74.31790959461449
.842 -73.60061739628209
.843 -73.33279403400824
.844 -73.99590461055348
.845 -74.85739370689744
.846 -75.19039461553109
.847 -74.36577383195474
.848 -73.8049247125346
.849 -73.06413226046837
.850 -75.81018337400387
.851 -75.16905921944557
.852 -73.68556125457228
.853 -71.90593168373455
.854 -74.3336797923743
.855 -73.97621264541786
.856 -75.44929281230898
.857 -78.47240905773606
.858 -75.31297573456956
.859 -73.85094471855524
.860 -75.75169089394444
.861 -72.33047625472402
.862 -76.06741446863167
.863 -74.27453302329037
.864 -74.17314206408271
.865 -75.59396738752838
.866 -73.85229498779204
.867 -75.45438210602987
.868 -73.4974205446049
.869 -75.87697678734426
.870 -76.68445296797796
.871 -76.68042712936432
.872 -76.15333835541418
.873 -75.58922019741541
.874 -76.72291228861607
.875 -73.3650699396837
.876 -73.16421445815836
.877 -73.73914053513916
.878 -75.1389700346772
.879 -72.4519824064853
.880 -74.52821693269969
.881 -74.17018203443905
.882 -75.64389315637929
.883 -73.6980171240804
.884 -71.4912889252276
.885 -72.18561477650604
.886 -72.60114533751538
.887 -74.89937003716749
.888 -76.65774794471079
.889 -77.40829919424385
.890 -76.56941219927842
.891 -77.34373490033337
.892 -77.19073656215286
.893 -76.09799619628767
.894 -76.39042065841862
.895 -77.20706150133137
.896 -76.52332918787792
.897 -76.78772108058854
.898 -75.08130004375936
.899 -76.85853713503556
.900 -73.410307564314
.901 -72.76632837970247
.902 -74.03176788942949
.903 -72.11661234431706
.904 -73.24354349656339
.905 -73.07741717537237
.906 -71.11411393515371
.907 -69.96202916223318
.908 -74.90197682455683
.909 -72.6790595163492
.910 -73.73055813904318
.911 -74.03474457768604
.912 -74.62676462730124
.913 -75.59460562900315
.914 -74.0141347068248
.915 -75.17772600365903
.916 -73.71505074354097
.917 -73.20386280105012
.918 -73.31986448821674
.919 -74.830887948821
.920 -76.43150659072641
.921 -75.56228486629274
.922 -74.14070048420537
.923 -75.61483360779076
.924 -73.47269951086218
.925 -74.70645794431061
.926 -75.06710711588991
.927 -75.95847647729202
.928 -75.49465674101242
.929 -75.50036934116031
.930 -75.88985345590065
.931 -75.35443975296569
.932 -74.32902980296484
.933 -77.68297270637547
.934 -74.47451442551493
.935 -73.82269765381389
.936 -74.20556941238344
.937 -74.79069046760993
.938 -72.85024413515944
.939 -75.37132281389427
.940 -74.26994910413698
.941 -73.66673981062549
.942 -73.77422475039126
.943 -72.16176355870451
.944 -73.21540780911398
.945 -74.51201319323337
.946 -75.30298655974043
.947 -70.53393192359074
.948 -71.58706949285174
.949 -73.31564162695769
.950 -72.24795278361438
.951 -74.35795059587812
.952 -76.25259973583296
.953 -76.07834799983789
.954 -77.00868392011074
.955 -75.91231032916309
.956 -75.38564065931466
.957 -77.64286412175345
.958 -77.75720864658166
.959 -79.10986609864564
.960 -76.85682892245464
.961 -76.64788935700734
.962 -78.78605184093001
.963 -75.29837232034038
.964 -76.88314256871223
.965 -76.85405542130505
.966 -75.88748622259415
.967 -76.26312803280995
.968 -76.57793597733178
.969 -75.83043716731189
.970 -77.7412256628123
.971 -75.4097532177096
.972 -75.31511728226579
.973 -76.45381982738657
.974 -77.98686992303882
.975 -77.51003633154632
.976 -75.37964157920959
.977 -76.85964526910233
.978 -75.62054196238695
.979 -75.5972982269257
.980 -77.10807353525757
.981 -77.00769730876141
.982 -75.95551670411906
.983 -75.49074844264742
.984 -74.09994792867234
.985 -74.97153614674522
.986 -74.55572215515296
.987 -74.18097515918133
.988 -76.2247763935007
.989 -77.9172432829603
.990 -77.25439529425432
.991 -78.1194857210578
.992 -78.78547046861607
.993 -78.172438748893
.994 -79.71094174009667
.995 -77.77699816183797
.996 -77.88015429011281
.997 -77.0585614802621
.998 -79.2850586577928
.999 -78.112056519577
1.000 -77.09355805280184
1.001 -80.31949968946934
1.002 -77.43211105560866
1.003 -76.77920449254663
1.004 -77.48732498313333
1.005 -77.34875766217908
1.006 -77.52431556768084
1.007 -76.45793659391776
1.008 -78.48100126306093
1.009 -78.49248020500013
1.010 -78.57346846491463
1.011 -78.00153428001354
1.012 -77.37415003897834
1.013 -76.5607761112281
1.014 -77.51345030563239
1.015 -78.1964082920751
1.016 -75.81758294491796
1.017 -74.85541424329733
1.018 -71.20337045335711
1.019 -67.2469913226285
1.020 -70.74288812768214
1.021 -76.78350282042337
1.022 -76.55000514294116
1.023 -78.82878559719533
1.024 -76.38344630095872
1.025 -78.3447244254986
1.026 -76.85028449232193
1.027 -81.05767372149614
1.028 -78.72951918057558
1.029 -78.81855186312853
1.030 -79.08600353153223
1.031 -79.12823905795133
1.032 -78.45323934085086
1.033 -79.07163632357125
1.034 -78.99959536620506
1.035 -79.45068668405754
1.036 -79.85697843393841
1.037 -79.2252863974356
1.038 -78.04995364326011
1.039 -77.73216741153328
1.040 -78.16814190826472
1.041 -78.26211002708581
1.042 -78.17016550109966
1.043 -76.04930786829115
1.044 -77.5980793844122
1.045 -76.68522548918621
1.046 -76.89483900133347
1.047 -77.24762247434461
1.048 -77.98346007250602
1.049 -76.39754748146044
1.050 -79.0995636670451
1.051 -78.13346014261538
1.052 -78.25756952253973
1.053 -75.88675086647318
1.054 -77.17545787522383
1.055 -77.53978751613938
1.056 -78.5831813669639
1.057 -78.91819267481297
1.058 -80.21894052855531
1.059 -79.11540243029957
1.060 -78.49092747166974
1.061 -79.2659295346353
1.062 -77.96021151697337
1.063 -77.33559896064878
1.064 -78.8020929636417
1.065 -78.21702027039304
1.066 -79.93912900585167
1.067 -78.64049932767445
1.068 -79.72602550165513
1.069 -78.83090667085263
1.070 -79.14747441398309
1.071 -78.57250176390826
1.072 -77.98325997475868
1.073 -79.39522944896227
1.074 -77.76678734686747
1.075 -79.32424048433992
1.076 -77.75020071889634
1.077 -78.86312386290885
1.078 -77.9395403481155
1.079 -79.09602894062634
1.080 -77.807398291364
1.081 -78.00898862325897
1.082 -79.36497311763945
1.083 -77.27890493816166
1.084 -79.47096218635664
1.085 -78.12412321978042
1.086 -78.44924809170104
1.087 -76.5648544606611
1.088 -75.75293137791488
1.089 -77.16415318797382
1.090 -77.29125037844697
1.091 -76.50417955807472
1.092 -77.78190916353834
1.093 -77.25747152266986
1.094 -78.09311467493444
1.095 -77.79985221066389
1.096 -78.14755631083668
1.097 -79.2206492621151
1.098 -77.89796714420982
1.099 -76.92195908316323
1.100 -79.25252876793486
1.101 -77.48354282334724
1.102 -75.97844246637008
1.103 -80.04455493867486
1.104 -80.94588519618523
1.105 -81.80977148596406
1.106 -81.70919943659815
1.107 -80.91089565685444
1.108 -79.83098313421183
1.109 -80.64906960511425
1.110 -78.77419816682277
1.111 -79.75122832528024
1.112 -79.67017689889185
1.113 -77.30739895553012
1.114 -79.37429485930586
1.115 -80.88962358417183
1.116 -79.44104624091987
1.117 -79.81752580125134
1.118 -80.54728056673409
1.119 -79.60933508747183
1.120 -81.93449073792914
1.121 -81.85416956885656
1.122 -80.72559795784018
1.123 -77.59962134125011
1.124 -77.5265523689872
1.125 -77.98940552218404
1.126 -80.76411869526355
1.127 -78.95442595633834
1.128 -78.64923552691623
1.129 -79.36063438135194
1.130 -81.51713172384271
1.131 -81.39149544406915
1.132 -82.86934382140483
1.133 -82.06232749220273
1.134 -82.81673350488299
1.135 -82.55187663556964
1.136 -82.44455651576675
1.137 -81.00005459941886
1.138 -82.45949083150883
1.139 -82.07356764963045
1.140 -81.39449480769719
1.141 -82.97103448122068
1.142 -81.41812820896119
1.143 -82.34211748416215
1.144 -81.5008432913161
1.145 -82.0464849650555
1.146 -80.90629622677655
1.147 -81.74867772327477
1.148 -80.48339939366782
1.149 -79.04725046005184
1.150 -81.02933067597152
1.151 -81.71564080119296
1.152 -81.14007638484264
1.153 -79.72670355028876
1.154 -80.4251503716836
1.155 -79.58542070162443
1.156 -78.42087720480431
1.157 -79.35529544749154
1.158 -78.54959986026927
1.159 -78.44014646933222
1.160 -77.84136381963945
1.161 -76.14564126709709
1.162 -78.24959117839771
1.163 -79.13266755415438
1.164 -82.26013251120845
1.165 -79.2333130140721
1.166 -81.03395210750476
1.167 -82.01745028264602
1.168 -80.7976790714017
1.169 -79.93372842402955
1.170 -82.54671041307661
1.171 -81.51171742733547
1.172 -80.14573921681028
1.173 -79.72530273352761
1.174 -80.75258983100014
1.175 -79.1843548395358
1.176 -81.68069455836904
1.177 -83.20144372324219
1.178 -82.70999311009416
1.179 -82.46358742629614
1.180 -83.28683222958614
1.181 -80.8940471253637
1.182 -83.19012723721576
1.183 -82.29518426048035
1.184 -81.21808205845468
1.185 -81.00201229824823
1.186 -81.15092396491441
1.187 -81.7150423187593
1.188 -81.71235004888584
1.189 -81.75964318196637
1.190 -80.3433366451492
1.191 -85.22708055747901
1.192 -80.85045863140198
1.193 -83.23770446708247
1.194 -82.28844576737514
1.195 -83.59753259079734
1.196 -80.6122408583047
1.197 -79.44293192399915
1.198 -82.62260667088255
1.199 -84.46337368828794
1.200 -82.87369205985681
1.201 -82.9408689662151
1.202 -82.8608426547374
1.203 -81.162995484244
1.204 -81.01296693184443
1.205 -82.21272944738989
1.206 -83.52971974386703
1.207 -81.36986199072348
1.208 -82.21003963571937
1.209 -83.1335872639995
1.210 -84.77185091541601
1.211 -84.0533157949776
1.212 -83.13347105007621
1.213 -83.13404102027847
1.214 -83.68590901873216
1.215 -84.74358050232193
1.216 -84.4457077051426
1.217 -83.53913941514794
1.218 -83.88403256770397
1.219 -83.18826302593716
1.220 -82.77533192195483
1.221 -82.97667545856653
1.222 -82.01866889446035
1.223 -81.96856074378469
1.224 -82.47042248542229
1.225 -84.21840553185037
1.226 -83.74602812606857
1.227 -84.50868080372648
1.228 -83.76913946830369
1.229 -81.65514812205856
1.230 -82.62322228625696
1.231 -82.46665634089743
1.232 -84.29749235688404
1.233 -82.95761841179674
1.234 -85.37215145758913
1.235 -82.986597283744
1.236 -82.63233142456484
1.237 -83.88792026073101
1.238 -82.87735001192704
1.239 -81.7336244002576
1.240 -81.54237152165814
1.241 -83.33910827840594
1.242 -83.3449318257367
1.243 -82.3153035620568
1.244 -82.20107480515153
1.245 -82.75990436586171
1.246 -83.82556758949544
1.247 -83.29305896470078
1.248 -84.32534318888611
1.249 -84.60896199788371
1.250 -82.97062716419882
1.251 -83.68720061419896
1.252 -83.80284664574297
1.253 -82.93707325689044
1.254 -81.07522430337795
1.255 -82.41226236295417
1.256 -80.29956852627662
1.257 -82.30401684670235
1.258 -83.149536590296
1.259 -84.00415048150018
1.260 -84.6090735924671
1.261 -84.06712253836994
1.262 -85.60699012743987
1.263 -83.40464597233245
1.264 -83.57872857123051
1.265 -82.27504596434338
1.266 -81.92459702310249
1.267 -85.05801265358994
1.268 -83.13748815328768
1.269 -82.21666286923681
1.270 -82.78936866183639
1.271 -81.16776006305804
1.272 -79.41864590667852
1.273 -80.75957635024845
1.274 -81.2169232714732
1.275 -81.41314496164466
1.276 -82.82055765272986
1.277 -80.64383435945008
1.278 -82.22535071637407
1.279 -81.57387128256244
1.280 -81.80409713292698
1.281 -84.69798030478864
1.282 -84.25158631020224
1.283 -81.52352772611471
1.284 -82.95853632118819
1.285 -82.64107699088434
1.286 -82.51161591620944
1.287 -83.50100922417577
1.288 -83.23283484826975
1.289 -81.84904399277092
1.290 -80.89536473978498
1.291 -80.01371215386462
1.292 -78.94639139722818
1.293 -81.82950213512858
1.294 -80.76346508685467
1.295 -81.77512579707106
1.296 -81.74999600846684
1.297 -85.51601676185902
1.298 -86.00100746580445
1.299 -85.62261303644038
1.300 -85.37512834299085
1.301 -85.08546457363416
1.302 -85.59796729553042
1.303 -83.79786612100787
1.304 -84.8385622117363
1.305 -85.33469317323645
1.306 -85.47904889418851
1.307 -85.14893763891071
1.308 -83.1644510816461
1.309 -84.3546137022384
1.310 -83.78269475333438
1.311 -82.8675189341479
1.312 -82.91049532110954
1.313 -81.06235556319552
1.314 -80.55994131807292
1.315 -83.47779950048508
1.316 -82.15375765000312
1.317 -83.11862190095026
1.318 -81.83867681090027
1.319 -83.04685426058712
1.320 -83.03534218645069
1.321 -83.30369445010759
1.322 -83.74487487764885
1.323 -83.48543401076991
1.324 -83.97491680537019
1.325 -83.96426571198131
1.326 -85.39609356260478
1.327 -84.24547713694342
1.328 -82.20917471091869
1.329 -85.424567286467
1.330 -83.18355327455396
1.331 -84.18598091287583
1.332 -82.69554149894142
1.333 -83.03208531683184
1.334 -85.82894938134241
1.335 -84.66610810815595
1.336 -84.50904021589916
1.337 -84.55403711404057
1.338 -84.84430145434139
1.339 -83.87211762106982
1.340 -82.65491274997616
1.341 -82.72112221529696
1.342 -84.1714615050402
1.343 -83.77504260125947
1.344 -82.10673053148507
1.345 -83.62418947575904
1.346 -82.60247843085713
1.347 -82.44879910097812
1.348 -82.73809671079174
1.349 -81.48313246319364
1.350 -79.33872307866136
1.351 -79.58222787970327
1.352 -78.5225411178461
1.353 -78.83845357438317
1.354 -81.51734139155008
1.355 -82.28174331855348
1.356 -82.16964218382059
1.357 -83.39531449753059
1.358 -83.22938104853414
1.359 -82.60210323634344
1.360 -84.62026027252111
1.361 -84.6459593077838
1.362 -84.47451952140794
1.363 -82.83695327645371
1.364 -82.89883359356628
1.365 -84.94261872379727
1.366 -84.80246991416483
1.367 -84.79701713486047
1.368 -84.03373619795167
1.369 -83.10268495530612
1.370 -80.95778073477719
1.371 -83.77515678023747
1.372 -84.88857724599077
1.373 -84.88646871688371
1.374 -85.8956425145474
1.375 -84.35882895065964
1.376 -84.20727257509148
1.377 -84.80783887552126
1.378 -84.98241073557587
1.379 -84.76513388033351
1.380 -85.30263845514904
1.381 -85.7217637832059
1.382 -85.38966933541212
1.383 -85.50766950550083
1.384 -83.6385113254802
1.385 -83.65049546491214
1.386 -84.03552247154424
1.387 -83.39549275308416
1.388 -82.49297453014339
1.389 -81.94550365644253
1.390 -82.70691124670321
1.391 -81.6855187333295
1.392 -84.19131108803876
1.393 -85.44114569724337
1.394 -85.72357451641236
1.395 -84.06686461356531
1.396 -86.93293090573871
1.397 -86.44748505981663
1.398 -86.48262826574847
1.399 -84.1095682844894
1.400 -83.08317623503375
1.401 -82.68387248919252
1.402 -82.36308946089146
1.403 -81.64451875487308
1.404 -82.3888861156386
1.405 -82.40997448842552
1.406 -84.33164436558405
1.407 -83.3649628772227
1.408 -84.93621420223191
1.409 -83.53493652680486
1.410 -83.69746825165211
1.411 -82.09430369855187
1.412 -83.34181806726835
1.413 -85.17309058478615
1.414 -85.29585483935068
1.415 -84.53669845973151
1.416 -84.28297448805768
1.417 -85.22027103778628
1.418 -87.03898866198126
1.419 -85.57392061508642
1.420 -86.38564992997765
1.421 -85.35997475340443
1.422 -87.50038501719122
1.423 -88.09691599883466
1.424 -86.84740746311647
1.425 -85.70744699625354
1.426 -85.86406347428726
1.427 -86.02156619520848
1.428 -86.16780486182066
1.429 -85.37708326857826
1.430 -85.19888684542934
1.431 -85.87414632946351
1.432 -84.06370704786788
1.433 -83.89427575791991
1.434 -84.94618460740325
1.435 -84.932944659082
1.436 -86.28291967362988
1.437 -85.58779114555249
1.438 -85.92183934597958
1.439 -85.11440173295391
1.440 -85.40153114090566
1.441 -85.54307597350405
1.442 -85.44624049274707
1.443 -84.3416704610162
1.444 -84.20478115563351
1.445 -84.55039114902912
1.446 -84.82591421242647
1.447 -86.8540817956157
1.448 -84.69728491758438
1.449 -84.39889123641221
1.450 -86.46805275498963
1.451 -85.62613653198181
1.452 -85.1924923827593
1.453 -86.77863046313605
1.454 -87.44489158877812
1.455 -86.59681001017672
1.456 -86.99592880347853
1.457 -86.91020542798978
1.458 -86.84315158316974
1.459 -87.85686782213186
1.460 -86.92773316884447
1.461 -86.9964607979298
1.462 -84.70222695823179
1.463 -86.05813201081791
1.464 -85.27449873373797
1.465 -86.26439808302425
1.466 -87.78460338067148
1.467 -84.36359586899862
1.468 -87.27167157830058
1.469 -86.61554120419454
1.470 -86.80678757559892
1.471 -85.33330191146237
1.472 -85.75010903356547
1.473 -84.7926126677858
1.474 -83.54678594806163
1.475 -84.19442389868212
1.476 -86.22518187151591
1.477 -85.86577611648522
1.478 -88.90383965321995
1.479 -86.50478970838726
1.480 -87.41394950022116
1.481 -87.87430389914235
1.482 -85.78937600681435
1.483 -86.37340506220986
1.484 -85.42138780814051
1.485 -86.30267597776366
1.486 -86.36574796763381
1.487 -88.61516388005647
1.488 -88.38047349064487
1.489 -90.19973092016134
1.490 -92.22339217315266
1.491 -92.1209351970837
1.492 -92.26111097564468
1.493 -92.48213144834983
1.494 -92.86688797289631
1.495 -93.86663028283002
1.496 -92.90901859632274
1.497 -93.7473499537124
1.498 -93.85919660744148
1.499 -93.42085913496264
1.500 -93.23257774111181
1.501 -94.22089545531155
1.502 -93.05729956131766
1.503 -92.30392864299596
1.504 -92.654564141787
1.505 -92.37171502378501
1.506 -92.32232179463293
1.507 -92.17638461167364
1.508 -92.13037572138639
1.509 -92.28322671637295
1.510 -90.73525776558103
1.511 -90.52292577784948
1.512 -91.57748395989765
1.513 -90.34446664715661
1.514 -90.04780165636761
1.515 -91.2934660387667
1.516 -90.94727785837387
1.517 -91.24132509443011
1.518 -93.23637092959032
1.519 -94.29952800748616
1.520 -93.44543979051889
1.521 -95.3593622947321
1.522 -94.55254194556234
1.523 -95.14064103635496
1.524 -95.16298601322173
1.525 -94.78134380288273
1.526 -94.85355851389282
1.527 -94.44369199055114
1.528 -95.16861170284885
1.529 -94.77328035227504
1.530 -94.68520581898133
1.531 -94.66118638711181
1.532 -94.14793412042641
1.533 -94.33410390167909
1.534 -94.53806495924766
1.535 -93.9308023186489
1.536 -94.1039881649496
1.537 -94.0150313881072
1.538 -94.31124575878404
1.539 -94.19599602906027
1.540 -94.07930457852142
1.541 -94.57148252392868
1.542 -94.82024801639822
1.543 -95.11123458337717
1.544 -95.68958410262884
1.545 -95.69828225475828
1.546 -96.55312517742195
1.547 -95.75026757931016
1.548 -95.24020203927816
1.549 -95.45452588583943
1.550 -94.86241301194828
1.551 -94.72501797796713
1.552 -94.58153225817473
1.553 -94.67678971185316
1.554 -94.6803306241868
1.555 -95.06682124312675
1.556 -95.86584131020379
1.557 -96.2972744138803
1.558 -95.03955213333234
1.559 -94.96470390492937
1.560 -94.33887683092637
1.561 -94.14008465188097
1.562 -94.7573316935315
1.563 -94.6266558275973
1.564 -95.0160583270662
1.565 -94.94084249882263
1.566 -95.46865171729212
1.567 -94.70985105235705
1.568 -95.44104394233064
1.569 -95.51513731182393
1.570 -95.26637376413731
1.571 -96.42982556992429
1.572 -96.55003360731227
1.573 -95.75980772034269
1.574 -96.38531099622135
1.575 -96.13567987179977
1.576 -95.74621771637015
1.577 -95.51719999202807
1.578 -95.77957133478608
1.579 -95.70039261374961
1.580 -95.66606150216845
1.581 -95.8073000920456
1.582 -96.09555750939997
1.583 -96.40940191722312
1.584 -96.45318413643773
1.585 -96.0302225796054
1.586 -95.83397476428156
1.587 -95.88319836614924
1.588 -95.7804503402902
1.589 -95.78756665651606
1.590 -95.90282245441665
1.591 -95.66523918991247
1.592 -95.69197388793027
1.593 -97.47950523304743
1.594 -96.26619553419043
1.595 -95.98791282249971
1.596 -96.41635800059083
1.597 -95.83959385206316
1.598 -96.11176584956003
1.599 -95.96079451921986
1.600 -96.20438557260303
1.601 -96.249532567781
1.602 -96.16818400280088
1.603 -96.55649740347707
1.604 -95.70892903085274
1.605 -96.2799376107892
1.606 -96.07658197261681
1.607 -95.97446945030246
1.608 -95.94707822807153
1.609 -95.6932125288441
1.610 -95.54088493209304
1.611 -96.11504061788196
1.612 -96.11223599141681
1.613 -96.11270394801511
1.614 -96.84310058442843
1.615 -96.37395554203331
1.616 -96.59856020492617
1.617 -96.75359356771737
1.618 -97.08428021980856
1.619 -96.91603077257594
1.620 -97.03454285016844
1.621 -97.54097659951246
1.622 -98.27738147672395
1.623 -97.98445232026648
1.624 -97.84221451588297
1.625 -97.04289510864932
1.626 -96.75201966608219
1.627 -96.25115990755727
1.628 -96.33586814285466
1.629 -96.25211760782702
1.630 -95.90554601600608
1.631 -95.97545059533792
1.632 -96.24452570726437
1.633 -96.80533563287655
1.634 -96.78256577371174
1.635 -97.54165095373881
1.636 -96.87164658507709
1.637 -97.40648480936244
1.638 -97.34331403995363
1.639 -97.4671124347976
1.640 -97.52778697190409
1.641 -97.2975433014341
1.642 -97.04413279074166
1.643 -97.54625853272671
1.644 -96.97399321537094
1.645 -97.07353004457673
1.646 -97.12228753177483
1.647 -97.23541630451128
1.648 -97.27474723397904
1.649 -96.92954018185846
1.650 -96.7935809724146
1.651 -97.01633033718676
1.652 -96.95053265815736
1.653 -97.06819692443534
1.654 -96.98672152967079
1.655 -97.41088130627176
1.656 -97.24737000626038
1.657 -97.60423373154416
1.658 -97.21676447017622
1.659 -96.82782892750707
1.660 -96.76393719770712
1.661 -97.10214677621099
1.662 -96.8152374511897
1.663 -96.80141898101432
1.664 -96.86479267650398
1.665 -96.85179132919896
1.666 -96.592653753304
1.667 -96.97426787327768
1.668 -96.70213965740253
1.669 -96.47878120975737
1.670 -96.43823377232273
1.671 -96.91768673573277
1.672 -96.54914997286284
1.673 -96.58761463325453
1.674 -96.74627585094214
1.675 -97.38982026087436
1.676 -97.15583771110995
1.677 -97.16626307383254
1.678 -96.76554149459055
1.679 -97.08734964434814
1.680 -96.71258749687048
1.681 -96.72513473078097
1.682 -97.13891019301329
1.683 -97.46714077957725
1.684 -97.75088850628055
1.685 -97.96490186960175
1.686 -97.84148031259953
1.687 -97.46592446899325
1.688 -98.13325784739382
1.689 -97.78252020316319
1.690 -97.38392495993548
1.691 -97.29602842065485
1.692 -97.39325068395189
1.693 -97.45632127710543
1.694 -96.72193476642167
1.695 -97.40525975391267
1.696 -96.7284893022342
1.697 -96.59206244654717
1.698 -97.00887681009651
1.699 -96.87863461842392
1.700 -97.32250960715564
1.701 -97.20793798719194
1.702 -97.39445338987595
1.703 -97.15775149459557
1.704 -97.2103949693059
1.705 -96.96292166490534
1.706 -97.47740269312766
1.707 -97.85424287357539
1.708 -97.88526401463669
1.709 -98.47822268474874
1.710 -97.97822893323175
1.711 -98.08381509375567
1.712 -97.95716481885297
1.713 -97.6048157464462
1.714 -97.46800583549908
1.715 -97.62166216967587
1.716 -97.77423450030025
1.717 -97.542639362574
1.718 -97.71855754661604
1.719 -97.62762953471257
1.720 -97.54648237466954
1.721 -97.8189984605397
1.722 -97.61276385733612
1.723 -98.24193379453294
1.724 -97.96624918435737
1.725 -98.50909309198155
1.726 -98.5742805476615
1.727 -98.37503897713837
1.728 -98.01830191921167
1.729 -97.82888441005248
1.730 -97.6502486757537
1.731 -97.56141984430893
1.732 -97.76043004546425
1.733 -98.17382674861587
1.734 -97.81566235592908
1.735 -97.75386847383612
1.736 -97.90021142954106
1.737 -97.87941797201053
1.738 -97.95046265238261
1.739 -97.64530599896877
1.740 -98.08381759048208
1.741 -98.2071741064767
1.742 -98.54252849468537
1.743 -98.47613519037364
1.744 -98.71344758684486
1.745 -98.78970341191379
1.746 -98.72228939157407
1.747 -99.23838865856901
1.748 -98.8154019559395
1.749 -99.29019113413915
1.750 -98.60597257665277
1.751 -99.22710261302738
1.752 -98.49752140497814
1.753 -99.29934363046854
1.754 -98.98772966840289
1.755 -98.77040246769407
1.756 -98.96220728371594
1.757 -98.84906914610453
1.758 -98.8953953641846
1.759 -98.85968982532387
1.760 -98.96376130123154
1.761 -99.21310597393344
1.762 -99.00360282962487
1.763 -98.82705309122161
1.764 -99.13982927193113
1.765 -98.8675334180716
1.766 -98.87305642794063
1.767 -98.95157153504891
1.768 -98.78253236961898
1.769 -98.59642112329647
1.770 -98.57106769047128
1.771 -98.87902094680985
1.772 -98.68808453947891
1.773 -99.02098783785648
1.774 -98.32383557116364
1.775 -98.77801649710858
1.776 -98.85127084756938
1.777 -98.8890918618611
1.778 -98.42260283155193
1.779 -99.14313172582357
1.780 -99.13534617669409
1.781 -99.01500665558468
1.782 -98.93111155097714
1.783 -99.20713302859993
1.784 -98.96235029060297
1.785 -99.4747957081282
1.786 -99.0921452985115
1.787 -98.96394801244845
1.788 -99.10126269137736
1.789 -98.75789634345188
1.790 -98.96223302959523
1.791 -98.86351259862933
1.792 -99.57820323392313
1.793 -98.83571779004876
1.794 -99.40292739122275
1.795 -99.03166198562313
1.796 -99.32110522707761
1.797 -99.2580759891551
1.798 -99.73896282805693
1.799 -99.02671851580118
1.800 -99.23339771033699
1.801 -98.87030709968035
1.802 -98.75768508219261
1.803 -99.35185988423527
1.804 -98.95186879640195
1.805 -99.73140167233629
1.806 -99.27649856754383
1.807 -99.62727367983805
1.808 -98.90982281360455
1.809 -99.60071641181545
1.810 -99.41709986284255
1.811 -99.53388617181078
1.812 -98.85615229496094
1.813 -99.26409145700674
1.814 -98.87364658561827
1.815 -99.00336916349193
1.816 -99.02945405668214
1.817 -99.01038797277546
1.818 -99.350782430232
1.819 -99.34488129722008
1.820 -99.64344449956273
1.821 -99.02951337581484
1.822 -99.4213380730675
1.823 -99.08999329168651
1.824 -99.48477078919558
1.825 -99.22943523500675
1.826 -99.50429399907183
1.827 -98.76015940098075
1.828 -99.19616764049964
1.829 -99.19621486513022
1.830 -99.18298544058139
1.831 -99.32319459243723
1.832 -99.05526526344386
1.833 -99.62338699053394
1.834 -99.19730203047204
1.835 -99.76438093593354
1.836 -99.10985678159592
1.837 -99.63692041454902
1.838 -99.33678217180048
1.839 -99.38448056268118
1.840 -99.10352039309802
1.841 -99.5957288561396
1.842 -99.42200096517809
1.843 -99.37478573978096
1.844 -99.13819514551962
1.845 -99.21039601612081
1.846 -99.54860599608948
1.847 -99.26723163074486
1.848 -99.48474088075824
1.849 -99.33176923883829
1.850 -99.49424641289633
1.851 -99.29870735816658
1.852 -99.71905374920685
1.853 -99.50351219360947
1.854 -99.80947426679569
1.855 -99.32609108967242
1.856 -99.61745641464299
1.857 -99.39767345035189
1.858 -99.50158897880965
1.859 -99.15855887658766
1.860 -99.41561544312047
1.861 -99.41436321249044
1.862 -99.18194059841596
1.863 -99.49462471835675
1.864 -99.28350190033815
1.865 -99.86240754324908
1.866 -99.24058525233023
1.867 -100.11779684863188
1.868 -99.42566753890586
1.869 -99.65575574257923
1.870 -99.29118491126651
1.871 -99.45388882217125
1.872 -99.3189925046716
1.873 -99.10816223398244
1.874 -99.49321041422324
1.875 -99.17782845782162
1.876 -99.69357639254461
1.877 -99.32243717771654
1.878 -99.86986042538416
1.879 -99.52692009672411
1.880 -99.74400603221929
1.881 -99.25207027234609
1.882 -99.76842866769616
1.883 -99.05659218697352
1.884 -99.40604658902285
1.885 -99.46316547441111
1.886 -99.43576869218036
1.887 -99.31377430611347
1.888 -99.43996336616576
1.889 -99.45436813806609
1.890 -99.55860223184342
1.891 -99.52398118418729
1.892 -99.50723049369631
1.893 -99.53298849991191
1.894 -99.6120283365497
1.895 -99.65014077490945
1.896 -99.78525452920199
1.897 -99.70665943453848
1.898 -99.29602518672354
1.899 -99.43365477227368
1.900 -99.20276193859512
1.901 -99.3490579238445
1.902 -99.81461101356686
1.903 -99.29839839882558
1.904 -99.62236936351037
1.905 -99.38228478290272
1.906 -99.6241209661699
1.907 -99.76422664911324
1.908 -99.7741147070602
1.909 -99.5063674862347
1.910 -99.9671005921468
1.911 -99.37929161088735
1.912 -99.47977797532725
1.913 -99.4552598482749
1.914 -99.67739056094585
1.915 -99.64196053571843
1.916 -99.61242501118834
1.917 -99.36459114430826
1.918 -99.57679817619866
1.919 -99.47421793438492
1.920 -99.55714278222543
1.921 -99.52658922433301
1.922 -99.70314942747457
1.923 -99.48235033423377
1.924 -99.39914124834762
1.925 -99.72692585663195
1.926 -99.29833915951521
1.927 -99.88506422656025
1.928 -99.51348643068263
1.929 -99.49948196363165
1.930 -99.68561866408535
1.931 -99.56046490396727
1.932 -99.50612428189727
1.933 -99.6065334187092
1.934 -99.61107392597488
1.935 -99.85036942323589
1.936 -99.60816497043619
1.937 -99.7159562180857
1.938 -99.6728571937121
1.939 -99.66912285772828
1.940 -100.12300726640088
1.941 -99.3453667114688
1.942 -99.44548085978728
1.943 -99.51628421039906
1.944 -99.87342885459864
1.945 -99.3936496169067
1.946 -99.48467136709932
1.947 -99.62480679903591
1.948 -99.58302751533988
1.949 -99.89216250786939
1.950 -99.48692590444539
1.951 -99.75902229646029
1.952 -99.49960860679519
1.953 -99.5377543574647
1.954 -99.44456789919879
1.955 -99.64676043608493
1.956 -99.91951721096913
1.957 -99.48876942861455
1.958 -99.54018091336957
1.959 -99.62369202693867
1.960 -99.61037265538403
1.961 -99.77362973074013
1.962 -99.9807997605439
1.963 -100.05589803817296
1.964 -99.88478518388528
1.965 -100.05518147405228
1.966 -100.0298359570057
1.967 -99.58787404958207
1.968 -99.67070020378021
1.969 -99.60778298659186
1.970 -99.66880671572753
1.971 -99.46151069009676
1.972 -99.89223531239202
1.973 -99.76995555963926
1.974 -100.04827652039802
1.975 -100.01747194084871
1.976 -99.8544498671139
1.977 -99.98280954178222
1.978 -99.48014812145512
1.979 -99.59255028427206
1.980 -99.46502397462224
1.981 -99.77285691199549
1.982 -99.53721314608332
1.983 -99.75738650985978
1.984 -99.72285463109147
1.985 -100.03088889265473
1.986 -100.0402439897962
1.987 -99.73039507319584
1.988 -99.76124877096044
1.989 -99.6718037814163
1.990 -99.78286896555598
1.991 -100.13981132303518
1.992 -99.6829403946176
1.993 -100.12535804137447
1.994 -99.76478317879487
1.995 -99.71187617236237
1.996 -99.76671110812403
1.997 -99.52555546002506
1.998 -99.69728843645927
1.999 -99.94597742580058
2.000 -99.65439772156053
2.001 -99.51845419313759
2.002 -99.69279623730672
2.003 -100.15313202552768
2.004 -100.0884948338783
2.005 -99.89628067587574
2.006 -99.87136636444002
2.007 -99.76805087690425
2.008 -99.81475500042251
2.009 -99.89778374400181
2.010 -99.96025945494469
2.011 -100.03254584250864
2.012 -99.56844164625018
2.013 -99.63443512291649
2.014 -99.65217709700289
2.015 -100.04734663799418
2.016 -99.6394407026027
2.017 -99.66718420978876
2.018 -100.35886757694236
2.019 -99.8133207602546
2.020 -99.73478531613311
2.021 -99.78264253081808
2.022 -99.89225874429032
2.023 -99.77276656718078
2.024 -99.85700693224263
2.025 -99.61537106338699
2.026 -99.47487885546111
2.027 -99.8701646372331
2.028 -99.59642308663507
2.029 -99.63891515220817
2.030 -99.98488093954883
2.031 -99.89519244249357
2.032 -100.11488146358951
2.033 -99.69121598777946
2.034 -100.01376163404582
2.035 -99.7057978043781
2.036 -99.77604454049022
2.037 -99.83190978006382
2.038 -99.75251395507222
2.039 -99.7783997945827
2.040 -99.89070364222863
2.041 -99.91027246022207
2.042 -99.92103372397749
2.043 -99.57754011555136
2.044 -100.1975547682308
2.045 -99.51408030830201
2.046 -100.08231168778792
2.047 -99.89365522303453
2.048 -99.75088804651926
