0.11458333333333333 0.12631578947368421
0.8854166666666666 0.9578947368421052
0.6822916666666666 0.46842105263157896
0.9791666666666666 0.9842105263157894
0.390625 0.1368421052631579
0.5572916666666666 0.7263157894736842
0.359375 0.45263157894736844
0.5677083333333334 0.5473684210526316
0.6979166666666666 0.8789473684210526
0.9739583333333334 1.0
0.020833333333333332 0.06315789473684211
0.78125 0.8947368421052632
0.6041666666666666 0.12105263157894737
0.8072916666666666 0.9421052631578948
0.0625 0.10526315789473684
0.4166666666666667 0.7421052631578947
0.9166666666666666 0.9210526315789473
0.08333333333333333 0.2894736842105263
0.21875 0.531578947368421
0.7395833333333334 0.6210526315789474
0.578125 0.9526315789473684
0.4791666666666667 0.16842105263157894
0.5833333333333334 0.9263157894736842
0.5729166666666666 0.34210526315789475
0.671875 0.9052631578947369
0.5885416666666666 0.5210526315789473
0.6510416666666666 0.9473684210526315
0.5364583333333334 0.9105263157894737
0.40625 0.5789473684210527
0.5625 0.7473684210526316
0.052083333333333336 0.0
0.3177083333333333 0.7368421052631579
0.057291666666666664 0.13157894736842105
0.1875 0.32105263157894737
0.9947916666666666 0.968421052631579
0.3125 0.5526315789473685
0.10416666666666667 0.6052631578947368
0.7760416666666666 0.8368421052631579
0.3541666666666667 0.7052631578947368
0.036458333333333336 0.14736842105263157
0.3385416666666667 0.49473684210526314
0.5260416666666666 0.7578947368421053
0.96875 0.9315789473684211
0.4583333333333333 0.6578947368421053
0.34375 0.4631578947368421
0.9270833333333334 0.9631578947368421
0.2760416666666667 0.5105263157894737
0.8177083333333334 0.45789473684210524
0.9479166666666666 0.3473684210526316
0.7239583333333334 0.7315789473684211
0.84375 0.6842105263157895
0.546875 0.3894736842105263
0.9583333333333334 0.9368421052631579
0.5520833333333334 0.6789473684210526
0.4427083333333333 0.7789473684210526
0.7708333333333334 0.8210526315789474
0.005208333333333333 0.021052631578947368
0.3020833333333333 0.19473684210526315
0.9895833333333334 0.7526315789473684
0.484375 0.18947368421052632
0.6197916666666666 0.5947368421052631
0.25 0.39473684210526316
0.5208333333333334 0.46842105263157896
0.07291666666666667 0.04736842105263158
0.6875 0.17894736842105263
0.24479166666666666 0.18421052631578946
0.7083333333333334 0.6684210526315789
0.8958333333333334 0.48947368421052634
0.5885416666666666 0.11052631578947368
0.328125 0.5894736842105263
0.4322916666666667 0.5368421052631579
0.3958333333333333 0.1736842105263158
0.3802083333333333 0.23157894736842105
0.046875 0.05789473684210526
0.3489583333333333 0.5368421052631579
0.4270833333333333 0.6421052631578947
0.8645833333333334 0.9736842105263158
0.3229166666666667 0.5157894736842106
0.109375 0.4368421052631579
0.015625 0.24736842105263157
1.0 0.9894736842105263
0.7447916666666666 0.8
0.9114583333333334 0.7947368421052632
0.65625 0.41578947368421054
0.7135416666666666 0.8894736842105263
0.16145833333333334 0.6473684210526316
0.90625 0.7105263157894737
0.5989583333333334 0.8578947368421053
0.234375 0.4473684210526316
0.5052083333333334 0.5052631578947369
0.984375 0.08421052631578947
0.71875 0.6526315789473685
0.6770833333333334 0.7631578947368421
0.6145833333333334 0.4263157894736842
0.453125 0.6736842105263158
0.4114583333333333 0.47368421052631576
0.7552083333333334 0.868421052631579
0.2604166666666667 0.6105263157894737
0.2708333333333333 0.3263157894736842
0.53125 0.7
0.4947916666666667 0.5631578947368421
0.6458333333333334 0.38421052631578945
0.13541666666666666 0.23684210526315788
0.203125 0.42105263157894735
0.4635416666666667 0.43157894736842106
0.8697916666666666 0.8631578947368421
0.8489583333333334 0.7894736842105263
0.9427083333333334 0.8526315789473684
0.4375 0.8842105263157894
0.15625 0.3736842105263158
0.9375 0.3526315789473684
0.010416666666666666 0.09473684210526316
0.078125 0.2789473684210526
0.13020833333333334 0.30526315789473685
0.9010416666666666 0.8052631578947368
0.06770833333333333 0.08947368421052632
0.3854166666666667 0.5842105263157895
0.3645833333333333 0.631578947368421
0.6927083333333334 0.8
0.03125 0.005263157894736842
0.625 0.6894736842105263
0.859375 0.45789473684210524
0.17708333333333334 0.33157894736842103
0.09895833333333333 0.05263157894736842
0.375 0.7842105263157895
0.2864583333333333 0.37894736842105264
0.19791666666666666 0.14210526315789473
0.765625 0.8157894736842105
0.2552083333333333 0.3157894736842105
0.6614583333333334 0.4789473684210526
0.953125 0.8315789473684211
0.8125 0.9157894736842105
0.375 0.21052631578947367
0.22916666666666666 0.22631578947368422
0.8541666666666666 0.4631578947368421
0.5104166666666666 0.6
0.22395833333333334 0.39473684210526316
0.8333333333333334 0.9947368421052631
0.18229166666666666 0.07368421052631578
0.7916666666666666 0.24210526315789474
0.7291666666666666 0.9
0.4895833333333333 0.5631578947368421
0.11979166666666667 0.015789473684210527
0.7604166666666666 0.6368421052631579
0.3072916666666667 0.20526315789473684
0.4739583333333333 0.3684210526315789
0.7864583333333334 0.4842105263157895
0.19270833333333334 0.5263157894736842
0.8229166666666666 0.6947368421052632
0.15104166666666666 0.3105263157894737
0.265625 0.5684210526315789
0.28125 0.4105263157894737
0.23958333333333334 0.1
0.9635416666666666 0.8105263157894737
0.921875 0.7736842105263158
0.5208333333333334 0.5578947368421052
0.125 0.3631578947368421
0.46875 0.2
0.6354166666666666 0.4
0.5 0.5421052631578948
0.75 0.6263157894736842
0.08854166666666667 0.07894736842105263
0.890625 0.8263157894736842
0.171875 0.15789473684210525
0.21354166666666666 0.2736842105263158
0.3333333333333333 0.4421052631578947
0.6302083333333334 0.7210526315789474
0.4010416666666667 0.2631578947368421
0.8802083333333334 0.9789473684210527
0.828125 0.7157894736842105
0.5416666666666666 0.1631578947368421
0.3697916666666667 0.11578947368421053
0.734375 0.4052631578947368
0.20833333333333334 0.031578947368421054
0.875 0.8421052631578947
0.9322916666666666 0.6631578947368421
0.09375 0.25263157894736843
0.16666666666666666 0.15263157894736842
0.421875 0.6157894736842106
0.0 0.010526315789473684
0.140625 0.3
0.026041666666666668 0.02631578947368421
0.34375 0.2578947368421053
0.640625 0.28421052631578947
0.609375 0.29473684210526313
0.59375 0.5
0.6666666666666666 0.35789473684210527
0.8020833333333334 0.5736842105263158
0.041666666666666664 0.042105263157894736
0.515625 0.22105263157894736
0.296875 0.26842105263157895
0.796875 0.8473684210526315
0.8385416666666666 0.8736842105263158
0.4635416666666667 0.03684210526315789
0.2916666666666667 0.21578947368421053
0.14583333333333334 0.06842105263157895
0.703125 0.7684210526315789
0.4479166666666667 0.3368421052631579
