0.053594995822 0.140351051466
0.325591747167 0.610207710417
0.211966919947 0.291638935521
0.525040412954 0.809573950273
0.134811367168 0.152668646753
0.17588810883 0.365842513584
0.126455452039 0.283890770744
0.17916800075 0.314784094408
0.216105831179 0.485541725854
0.506220080748 1.0
0.0150094101661 0.103100259266
0.259759630778 0.506203498594
0.186742989231 0.140152380574
0.273738217769 0.602360210194
0.0333689956502 0.134887601943
0.137935073759 0.369517925081
0.358703037024 0.540474227419
0.0409439841316 0.20730314198
0.0895957142746 0.304453208038
0.239299352612 0.341306658455
0.181198410033 0.608916349621
0.15519355267 0.159324121626
0.181354595363 0.555970556974
0.179480371409 0.228362256504
0.209233676681 0.522693182608
0.183306911982 0.302565834567
0.201736780864 0.60365157099
0.166595081724 0.525573910538
0.137778888429 0.329982417626
0.176512850148 0.370014602311
0.0280586944468 0.0
0.117474795592 0.368723241514
0.0286834357649 0.151973298632
0.0803807798334 0.217038015675
0.728237526649 0.688484041761
0.110290270435 0.318956183135
0.0507055672261 0.336836563391
0.254527422239 0.454648402189
0.125049784074 0.362862450208
0.0230607639024 0.153363994874
0.122707004131 0.297797733165
0.165579877082 0.375180045496
0.493647161722 0.569579513058
0.149414695478 0.352432228392
0.12301937479 0.288360865808
0.381193724473 0.683517269467
0.103886671925 0.300877131987
0.276237183041 0.285877479661
0.415085940978 0.228858933733
0.232739568772 0.366537861705
0.299899260462 0.357001658902
0.168703583672 0.24962004192
0.46553380241 0.590837298473
0.170031158973 0.356206975335
0.142776818973 0.39405378021
0.253121754274 0.438258053621
0.00839496146127 0.0684321886579
0.106698007856 0.176608489207
0.708401989801 0.370610614986
0.155896386652 0.173926432169
0.190881900463 0.332565139219
0.0950622008075 0.25250076985
0.163861838458 0.291638935521
0.0364927022405 0.100318866781
0.214387792555 0.163992887582
0.0939689035009 0.171145039685
0.226335970262 0.355511627214
0.329496380405 0.296506372369
0.183306911982 0.135086272835
0.120442316853 0.331075107531
0.141293058343 0.304949885268
0.135514201151 0.159522792518
0.133796162526 0.187138046469
0.0256378218394 0.102603582036
0.123878394102 0.304949885268
0.14074640969 0.349750171354
0.314268310778 0.702391004182
0.119349019547 0.301373809216
0.0515645865384 0.276738618641
0.0143221947163 0.191906147871
1.0 0.875532686328
0.242891615191 0.416503590976
0.342615948084 0.410742135116
0.204079560807 0.259156244723
0.231411993471 0.505408815027
0.0673393048191 0.351935551163
0.342537855419 0.362961785654
0.185337321265 0.466469320248
0.0924851428705 0.279917352909
0.16159715118 0.300181783866
0.610708066191 0.127139437165
0.232349105449 0.3522335575
0.211107900635 0.383126881165
0.190100973816 0.270381150106
0.149102324819 0.356008304443
0.137856981094 0.292334283642
0.243906819832 0.479780269994
0.0994353900338 0.339816626767
0.103652393931 0.223296148765
0.1662046184 0.358889032373
0.160113390549 0.320048873039
0.19658266499 0.243858586059
0.059998594332 0.187932730036
0.0831921157646 0.263030327112
0.151835568085 0.273063207144
0.314736866766 0.478389573752
0.300914465104 0.396338495465
0.410790844416 0.46279390875
0.14223017032 0.50173340353
0.0658555441887 0.241573870804
0.409697547109 0.233825706027
0.0137286904641 0.128530133408
0.0368050728995 0.204025072267
0.0580462777131 0.211673901598
0.329964936394 0.418390964448
0.0339156443035 0.128430797962
0.133874255191 0.330578430301
0.129657251294 0.345677418073
0.214465885219 0.416503590976
0.0211084472835 0.02824106726
0.192756124417 0.357895677915
0.312159808829 0.285877479661
0.072181050034 0.223494819656
0.050080825908 0.101709563023
0.132468587226 0.395245805561
0.105292339891 0.241772541696
0.0829578377703 0.152966653091
0.246952433758 0.428523179926
0.0965459614378 0.215051306758
0.205641414102 0.292532954534
0.454835107338 0.450277642571
0.273972495763 0.538785524839
0.132468587226 0.183065293189
0.0914699382287 0.185052002106
0.307630434273 0.288360865808
0.16292472648 0.334949189919
0.0906109189164 0.25250076985
0.297868851179 0.880698129514
0.0786627412087 0.106080322642
0.262570966709 0.188826749049
0.233598588085 0.516931726748
0.159098185907 0.320048873039
0.0540635518106 0.0470353336181
0.24632769244 0.346571437086
0.108259861151 0.182667951405
0.154646904016 0.241275864467
0.261868132726 0.293029631764
0.0824892817818 0.30345985358
0.279048518973 0.35849169059
0.0644498762231 0.213859281407
0.0999820386871 0.322730930078
0.104667598572 0.25707020036
0.0932660695181 0.13230488035
0.491226289115 0.4243510912
0.369792195419 0.392265742185
0.163861838458 0.319055518581
0.0555473124409 0.239090484658
0.153475514045 0.180184565258
0.19361514373 0.255878175009
0.160581946538 0.30634058151
0.243750634503 0.342995361035
0.0425058374267 0.125053392802
0.328403083098 0.442430142348
0.069916362756 0.157734754492
0.0892052509508 0.200945673445
0.122472726137 0.2777319731
0.1934589584 0.365047830017
0.13582657181 0.196376242935
0.320906187282 0.735469707656
0.279204704302 0.364849159125
0.168391213013 0.158926779843
0.131843845908 0.139953709682
0.233989051408 0.256374852239
0.0866281930138 0.0760810179896
0.31497114476 0.458323813686
0.404309153241 0.353524918297
0.0450828953636 0.194588204909
0.0692135287732 0.156443393696
0.138872185736 0.339915962213
0.0 0.0458333747231
0.0618728182862 0.211276559815
0.0174849476389 0.0740943090723
0.12301937479 0.195978901151
0.195723645678 0.205316433063
0.189710510492 0.207899154655
0.183541189976 0.298195074949
0.20790610138 0.236607098511
0.269443121208 0.329684411288
0.0253254511804 0.0839285182132
0.163393282469 0.184257318539
0.105760895879 0.19866095819
0.263508078686 0.458621820024
0.298181221838 0.480674289007
0.151835568085 0.0800544358243
0.105682803214 0.183661305864
0.0641375055641 0.105186303629
0.219151445105 0.384020900178
0.148087120177 0.227964914721
